chunk,1,2,3,4,5,6,7,8,9,10,11,12,13,14,15,16,17,18,19,20,21,22,23,24,25,26,27,28,29,30,31,32,33,34,35,36,37,38,39,40,41,42,43,44,45,46,47,48,49,50
1,1.0,0.232824609531414,0.2462310139542991,0.12831465253145447,0.08301292213524324,0.047731737472098454,0.04927425047776321,0.09492340088916802,0.11110863016751081,0.1231517511582338,0.04839319988644194,0.0673101548016404,0.09411731980447027,0.06035296794408814,0.042309179930918275,0.05396154997311469,0.07212559906880905,0.05591569447452928,0.04375780085712418,0.01810643201848521,0.0401941223817349,0.02441199947990374,0.025816054538022798,0.1025399149376374,0.06139404406858256,0.037587322311406886,0.02076655244158669,0.1977676010486541,0.22576498500255038,0.20301511017440857,0.1779793236039565,0.037707785648475385,0.06264875561701112,0.07777600898048051,0.054653836597038805,0.07479983111772551,0.032569300329798254,0.0556053163265583,0.022181069698652977,0.03795886835227218,0.037380881822689636,0.13487515106859466,0.06507462478907901,0.09710054582523697,0.09110495597282416,0.07571675248795695,0.07911402763173705,0.18856813581368667,0.06823488873616318,0.03200454961959813
2,0.232824609531414,1.0000000000000004,0.20801403691570342,0.10291315082993778,0.053125564988053306,0.04250689066374462,0.045898208432370385,0.07813021440107945,0.1983384638585814,0.0621386440692463,0.06622842537371106,0.04786960056156221,0.05274047056215814,0.05087661408029351,0.04909353864080694,0.1345380347681953,0.08482695917278749,0.10435025297418206,0.04623035674121377,0.04767478921168897,0.03613840857512976,0.040504241830522356,0.05756284464242738,0.07229228626128698,0.06597663165345712,0.036011169550815306,0.036058355117901196,0.10124915723672415,0.24137461847420494,0.14888900668963853,0.12200086804897695,0.05986437042286105,0.05762666567584559,0.09179429010900242,0.11335134714461297,0.06716168194975831,0.09342086372451024,0.06243672126554468,0.044624242151644636,0.052152424439615444,0.06052612992566704,0.04536922786843607,0.04628328221383379,0.04347224410855801,0.03310509210289212,0.07490061020805543,0.046390909847365054,0.08694345707325553,0.029582668646139905,0.06551013916343715
3,0.2462310139542991,0.20801403691570342,1.0000000000000004,0.16682718049652934,0.1184164911321502,0.08809302361171775,0.03195365421771809,0.04157980894016506,0.07511205377645466,0.0860377356636961,0.05697494058569124,0.048333069945414475,0.06395258826819498,0.08990826045061043,0.05127292198188992,0.09142502407072935,0.08860915288376953,0.07592949377977344,0.04023993453797023,0.01929428267292687,0.03021352843510923,0.022076230884577205,0.027756553583913542,0.06037729783017935,0.0353926815912149,0.026174143072974693,0.020184693718827543,0.10051520643905522,0.2628140375331954,0.15945067705283006,0.1078147456600989,0.034202416992112766,0.04042153197918749,0.01860424733019808,0.022487659030852203,0.04319616462125144,0.034882076887691786,0.03745054677694544,0.012596311476107291,0.06156572893394239,0.03617418705547049,0.03061752855787827,0.004965362394537556,0.022925199228877716,0.01988234606043067,0.042383663415347,0.05454976243836264,0.09405815378954836,0.010085815967171143,0.0
4,0.12831465253145447,0.10291315082993778,0.16682718049652934,1.0000000000000007,0.23666963687258802,0.20313352678193658,0.10235399504115081,0.08371728764791508,0.06499504810880437,0.07837769360318894,0.07745270166445335,0.07126670662288795,0.12289209757263618,0.08514627773284232,0.03601344755680361,0.1038088582203856,0.07856447832891675,0.07258111156822138,0.05663462596626775,0.06536005461449552,0.0352159275459405,0.04383897009174917,0.04924788575287682,0.09804373552650397,0.07392674938431384,0.07823219064921143,0.07546280706159719,0.1378789567354132,0.12933578056052827,0.08766055283181183,0.09635271152239978,0.10619137444524036,0.09870778044418374,0.0732569142431845,0.09210316399559668,0.04733381368292424,0.05044806313457109,0.057917670929904186,0.04562014139266445,0.09710847082126045,0.05477935659629345,0.06560074423774534,0.031183698358286004,0.035275507555350936,0.035828217433002345,0.06005691511430972,0.05557555588376989,0.0815850239754935,0.04344704452925337,0.0
5,0.08301292213524324,0.053125564988053306,0.1184164911321502,0.23666963687258802,1.0,0.48245317707980895,0.1514964906188683,0.30161131594758583,0.2299406283441914,0.1891315281382505,0.16964455293577033,0.14023200791196083,0.10199876824981075,0.13096040081319132,0.07282264533460027,0.12825799815970837,0.08644211609204973,0.12091477024914292,0.0915575096887264,0.08437095288809919,0.04812213797357933,0.1626541370229417,0.08479816092578063,0.12361043963650699,0.11233089621441789,0.06167898014473719,0.10402734538937994,0.12627210545949297,0.0697975172802109,0.06882736019069151,0.08655724141507677,0.06109838254015814,0.05503571404931246,0.0617410647234191,0.0425824300622548,0.031042910119841127,0.03571833565953093,0.05840697060881509,0.02785614039513099,0.06999524240932443,0.07545794238356458,0.0724423231923465,0.036450196064397096,0.03737374714807436,0.03593342914863546,0.0585775659320589,0.03912990955652858,0.05695367992774125,0.03354821336257912,0.0
6,0.047731737472098454,0.04250689066374462,0.08809302361171775,0.20313352678193658,0.48245317707980895,1.0000000000000002,0.24025910225180638,0.2633789865618225,0.14486435079817161,0.12911111506199166,0.12535524109979818,0.10350885555570917,0.15519072499984968,0.13643176949872127,0.08492413319163788,0.11174314230513142,0.0707331154132964,0.10763067048798969,0.09508239868996858,0.0979850306535404,0.07729426277678025,0.15916720268801757,0.09726399717703785,0.09036323539518341,0.09452985645174015,0.09030944509401924,0.10749424773700042,0.09519114103211898,0.04469278579190052,0.07768416540658216,0.0583329116105276,0.03451650440501658,0.030745654006403646,0.05097434135797636,0.02704899796503675,0.02537292704137369,0.038283237407124415,0.07684526044798126,0.05251523386263156,0.05929444288725099,0.06228463511383418,0.07068620939092826,0.06663315502894737,0.08016948867184448,0.12373642700103163,0.07727567650849763,0.06848311047996566,0.06188879256958416,0.12169181046827467,0.0
7,0.04927425047776321,0.045898208432370385,0.03195365421771809,0.10235399504115081,0.1514964906188683,0.24025910225180638,0.9999999999999996,0.24852021995468243,0.09839679438595308,0.03371611777391178,0.016197154755608564,0.03486459942542874,0.041468697043461615,0.08250661495455143,0.03299493747173982,0.048875722861032575,0.03358786207968684,0.06250316580703741,0.03870926728275411,0.0478082986920207,0.017431698081841175,0.13037372416387163,0.09960476167344688,0.03568485614083149,0.05876579419532983,0.026621161761616854,0.026104583225109036,0.06562307129893855,0.020653472748220818,0.025717584293789543,0.02009875018021842,0.018732395617188417,0.03414086031919662,0.012744477892873324,0.02768590830635655,0.022916434701880237,0.02719326370964683,0.045784696310863064,0.02889313546572118,0.0230900817466735,0.037628198113785885,0.018953362841607674,0.01586570621563546,0.025499823855068698,0.0211355733169908,0.028224039430656878,0.011235322708771468,0.017437405726298615,0.0039475891728369275,0.013115509108094009
8,0.09492340088916802,0.07813021440107945,0.04157980894016506,0.08371728764791508,0.30161131594758583,0.2633789865618225,0.24852021995468243,0.9999999999999994,0.2791494959941745,0.10085814235823344,0.08886592663227952,0.0827502426779658,0.10974104342293954,0.09433045407319322,0.07208516228931143,0.11738318951549025,0.09710635678555514,0.12079915666792868,0.08466964870436161,0.09781961467747372,0.037144727228775536,0.18891930880160496,0.09486945800000561,0.10550696366069758,0.14149950526474575,0.08366559999360072,0.10182652352034491,0.10264671154600075,0.040940597273995884,0.06072302382628245,0.0647509759307735,0.023357791395124842,0.07051449097284747,0.07242790492488073,0.058779500411391385,0.04303849735138991,0.05222245884022384,0.08584774010289499,0.051923922927636604,0.04971122835040998,0.06343064035494714,0.06326591939227703,0.056726959311358315,0.05445206237689168,0.0495812403546654,0.07711917525941307,0.040940706404164945,0.06267666988333652,0.029441563744509246,0.0
9,0.11110863016751081,0.1983384638585814,0.07511205377645466,0.06499504810880437,0.2299406283441914,0.14486435079817161,0.09839679438595308,0.2791494959941745,0.9999999999999998,0.11083883774623669,0.08278210366119221,0.05860248243880639,0.10226082143835788,0.09445320770938812,0.08160383619116551,0.19319731506293644,0.08518090567688597,0.1130831565458698,0.061971999911169924,0.07481351166363613,0.06817941562677425,0.13838795356731856,0.05903624787273861,0.10814521347996293,0.13036109138846722,0.07237717318824884,0.08362939193006001,0.10411971874087778,0.06872383055704834,0.09082676106566222,0.07172809679933173,0.04279590346257531,0.06920785764510562,0.05344073964216926,0.08275833607969706,0.057909424544439196,0.09058938969779638,0.07307407624795695,0.04012648443510208,0.07663484394187482,0.07821608340024751,0.09444357894673956,0.0715807590162735,0.019682387332585226,0.02356007449858821,0.08674848259613782,0.05995436516106162,0.06626561738163379,0.02148941560658173,0.016409152647822098
10,0.1231517511582338,0.0621386440692463,0.0860377356636961,0.07837769360318894,0.1891315281382505,0.12911111506199166,0.03371611777391178,0.10085814235823344,0.11083883774623669,0.9999999999999997,0.40653483473916086,0.2576946239751667,0.18335482693977828,0.19483957061264714,0.1634053935684726,0.1675222631667493,0.1021196815059174,0.09564636309067212,0.13000449782851878,0.06523807915998325,0.22779642357883217,0.1684317210486906,0.10694051898605343,0.12975784971527105,0.2291724225786284,0.11315683265466363,0.21279047579304136,0.1442957691755404,0.06318732825760162,0.08152293299125796,0.06888440520679129,0.028171091696737566,0.033978768089683864,0.030020827930103206,0.019136901838594678,0.03913762004261547,0.048906892677373116,0.04446806160503148,0.04731552923095953,0.050109904388429743,0.05094563543994411,0.08655205390243939,0.07261789621222844,0.06727092839358496,0.10802376922431464,0.08806896995309736,0.0715614404909167,0.10126216178125766,0.08787676202916543,0.0
11,0.04839319988644194,0.06622842537371106,0.05697494058569124,0.07745270166445335,0.16964455293577033,0.12535524109979818,0.016197154755608564,0.08886592663227952,0.08278210366119221,0.40653483473916086,1.0000000000000007,0.2527692749298083,0.1601061246661758,0.20821188026373788,0.09508853694776961,0.11840189254426105,0.08687331375901848,0.09899566616286684,0.2399055015500502,0.09152758842340394,0.24729965034172074,0.1829822268081169,0.11658890363167779,0.14481877281026512,0.2475898359143797,0.15854869507160893,0.21929966748554375,0.10169200272294612,0.07151302114802209,0.05220452596576405,0.06887563838130574,0.06649128904490686,0.055483171914356505,0.052712742696564535,0.0328024872006662,0.02933880975220623,0.0789871285970039,0.06544233092515994,0.05922355551654618,0.059567341071376144,0.06360476466411064,0.052182535670301296,0.05065351713229469,0.05570520508233884,0.12882443108853409,0.0693174165799054,0.07949191535165488,0.09307978458188194,0.0805883160514174,0.0
12,0.0673101548016404,0.04786960056156221,0.048333069945414475,0.07126670662288795,0.14023200791196083,0.10350885555570917,0.03486459942542874,0.0827502426779658,0.05860248243880639,0.2576946239751667,0.2527692749298083,0.9999999999999997,0.17079731452906138,0.12891711023195981,0.05211267810054428,0.11605803109114984,0.0731607570816083,0.0834311088029646,0.1275132036180582,0.07160848773875111,0.08603758893957028,0.40949650982295877,0.1861542182047978,0.2033036760185887,0.23082680672328015,0.12222123189373622,0.2544042390366648,0.09935010493649772,0.048873170963723324,0.04329185863378197,0.08141177923322063,0.07021068432390747,0.043066235323032984,0.0633170928667422,0.05284171370402372,0.039282705135551634,0.04631724926423016,0.03384611868457427,0.06229005331532492,0.04813820506513073,0.04342758863374866,0.04257537596833225,0.03524805390733065,0.04073107447279035,0.06376251918549027,0.052167519139803754,0.04487446178328299,0.0670089892773798,0.03973278915717714,0.0
13,0.09411731980447027,0.05274047056215814,0.06395258826819498,0.12289209757263618,0.10199876824981075,0.15519072499984968,0.041468697043461615,0.10974104342293954,0.10226082143835788,0.18335482693977828,0.1601061246661758,0.17079731452906138,0.9999999999999999,0.32133766951702847,0.213734981755347,0.11876000955130515,0.071540844227273,0.09392193061202203,0.10933772144864717,0.0857797398077129,0.08772288220414333,0.09053810979162659,0.07538813100550903,0.09500419589748339,0.14951800713176147,0.09848848180173646,0.14841218122982267,0.09404135569519871,0.041934432118610164,0.07505511435844445,0.058757847130500085,0.0226823416492788,0.0329547312092235,0.022305274471633427,0.03360188537036471,0.029004066852966942,0.0666068272896956,0.0825562939658739,0.05507184295829598,0.03581959968281188,0.03793445703300906,0.09975355891601721,0.06209778453211954,0.07343613381378795,0.13895587477555943,0.08137731305220787,0.10135593159316635,0.08452236818074592,0.08920491792833696,0.0
14,0.06035296794408814,0.05087661408029351,0.08990826045061043,0.08514627773284232,0.13096040081319132,0.13643176949872127,0.08250661495455143,0.09433045407319322,0.09445320770938812,0.19483957061264714,0.20821188026373788,0.12891711023195981,0.32133766951702847,0.9999999999999998,0.3128023401286241,0.2147262419984605,0.1218162195658933,0.08572855623675447,0.1730014917023218,0.07056421790844017,0.0855483300409697,0.1266451219831512,0.09638983228179064,0.10711546393834995,0.14768914903574906,0.10385459676861498,0.13432668035827844,0.10074923401622796,0.03827842026020184,0.05207142734708752,0.06359038314150477,0.07120203269462214,0.06551314843914922,0.016429401296425023,0.025217745037933982,0.0542811980278448,0.05451797155075828,0.0513072432511984,0.0431756593482543,0.040537960157975714,0.034766633675036546,0.06322288331880763,0.022837772706669836,0.03953181030504685,0.08633780218709883,0.0738171188533663,0.04410765135567036,0.08034031994850738,0.03805422754436484,0.035544203069738246
15,0.042309179930918275,0.04909353864080694,0.05127292198188992,0.03601344755680361,0.07282264533460027,0.08492413319163788,0.03299493747173982,0.07208516228931143,0.08160383619116551,0.1634053935684726,0.09508853694776961,0.05211267810054428,0.213734981755347,0.3128023401286241,0.9999999999999999,0.2549055665515041,0.16261458158616168,0.07461318386176491,0.10168913238162111,0.04052046414972822,0.017572256223520783,0.05651640030053934,0.0812090486845907,0.08156753611484736,0.08910314155439432,0.05054611218495013,0.04848742271258372,0.055692524478865794,0.13894482569297523,0.04918718843923329,0.061921677633263575,0.01757206601319579,0.050390616302524144,0.03997820478188333,0.026740491245505007,0.03820492015835063,0.038613849805456686,0.052150431533264104,0.030292181233292133,0.04332410233131802,0.03027104782919479,0.03477113389049458,0.044558456160100575,0.02351291480483284,0.02007718067892789,0.0538897067086618,0.03952753419664473,0.03996215709021114,0.017718145685897187,0.0
16,0.05396154997311469,0.1345380347681953,0.09142502407072935,0.1038088582203856,0.12825799815970837,0.11174314230513142,0.048875722861032575,0.11738318951549025,0.19319731506293644,0.1675222631667493,0.11840189254426105,0.11605803109114984,0.11876000955130515,0.2147262419984605,0.2549055665515041,0.999999999999999,0.39328848799622884,0.1890582385722676,0.13971791081907528,0.0720284887257825,0.06491418318886634,0.08962799208020135,0.06921761502459983,0.10747007817304663,0.14660958950757866,0.09233464024078622,0.1031438060152602,0.08313620427507064,0.05138921368757787,0.04684273939319272,0.036101151483640154,0.0388663524048821,0.04109702186387997,0.040657162551339415,0.05988410378677408,0.07653480020307761,0.07344433689841848,0.06967603342742262,0.06421108922838668,0.045663064295799236,0.0501155969388619,0.07737701324887214,0.050355307944805985,0.036620384634207366,0.033505057749458236,0.0480407212432667,0.02444356967867452,0.03553238568507129,0.008709393066033522,0.0
17,0.07212559906880905,0.08482695917278749,0.08860915288376953,0.07856447832891675,0.08644211609204973,0.0707331154132964,0.03358786207968684,0.09710635678555514,0.08518090567688597,0.1021196815059174,0.08687331375901848,0.0731607570816083,0.071540844227273,0.1218162195658933,0.16261458158616168,0.39328848799622884,1.0000000000000002,0.17658715164011807,0.18861263505908105,0.0797433312581547,0.02930040030885191,0.05664777957785048,0.04842133175110942,0.0938254770061334,0.10298778749241405,0.06171203799712567,0.08343927823225261,0.1347424242198195,0.0730820142627341,0.057117217531934536,0.045040377781573576,0.02851224997442275,0.04210299868611662,0.037276981244918315,0.03272963505422993,0.04233184184222593,0.04404076001145388,0.035624886641752104,0.04138315451214953,0.038937785813515355,0.0612487987388533,0.04960278604487359,0.05529989024888075,0.04692730767979102,0.02267093511945771,0.05661485054645557,0.028956451203733875,0.050150922159260806,0.01771949887098389,0.0
18,0.05591569447452928,0.10435025297418206,0.07592949377977344,0.07258111156822138,0.12091477024914292,0.10763067048798969,0.06250316580703741,0.12079915666792868,0.1130831565458698,0.09564636309067212,0.09899566616286684,0.0834311088029646,0.09392193061202203,0.08572855623675447,0.07461318386176491,0.1890582385722676,0.17658715164011807,1.0,0.26079097119182115,0.1123955517243086,0.05117436120043216,0.13594273624324324,0.08724805772914464,0.14072965718670508,0.14216082267484492,0.07002758307229717,0.07433753971947753,0.09599808966887016,0.06695872262268626,0.05319292602111502,0.07724611363189224,0.07432492426225364,0.07294597736994812,0.05029089989882733,0.07352445557801651,0.0721499373175859,0.13475469575414745,0.07222626592252378,0.04919577173247303,0.06560712594189475,0.06399427388581252,0.06656716641701187,0.052342617568793354,0.042684022280315655,0.027044573188694108,0.04520111358822966,0.03186948958916289,0.04904907391780517,0.029387699233705336,0.0
19,0.04375780085712418,0.04623035674121377,0.04023993453797023,0.05663462596626775,0.0915575096887264,0.09508239868996858,0.03870926728275411,0.08466964870436161,0.061971999911169924,0.13000449782851878,0.2399055015500502,0.1275132036180582,0.10933772144864717,0.1730014917023218,0.10168913238162111,0.13971791081907528,0.18861263505908105,0.26079097119182115,1.0,0.24260181474842957,0.09406162520788784,0.1767525726029022,0.09799343741789424,0.115031456457355,0.20140118783739872,0.15766421818787282,0.1169092955498999,0.12166308956200646,0.04008231874458706,0.022967523699127586,0.04451622665188989,0.05033754906718335,0.051567965747881896,0.03681967973837017,0.03521887893043561,0.023483850218895614,0.06735508595123818,0.06194828071679984,0.05627447934981157,0.03245208252542726,0.04898785977562513,0.05609126140642513,0.030213133564676108,0.03199109813908918,0.06670737330526591,0.04900974801922407,0.02968390644280294,0.06444936050664866,0.031761408398732656,0.0
20,0.01810643201848521,0.04767478921168897,0.01929428267292687,0.06536005461449552,0.08437095288809919,0.0979850306535404,0.0478082986920207,0.09781961467747372,0.07481351166363613,0.06523807915998325,0.09152758842340394,0.07160848773875111,0.0857797398077129,0.07056421790844017,0.04052046414972822,0.0720284887257825,0.0797433312581547,0.1123955517243086,0.24260181474842957,0.9999999999999996,0.04081124515822347,0.10481548879302911,0.06892242759998173,0.06986328856833433,0.1069829507106065,0.059578323859592316,0.058312390356260256,0.07224489727424584,0.03304465849386881,0.033165591357890684,0.02794660933683012,0.035582248198297285,0.040282010138057246,0.038837711433517025,0.016640717093535096,0.014599531070781588,0.04592095519612572,0.044292059317010544,0.031216270671057023,0.018938051879539713,0.03041389606247042,0.027576095868949584,0.023478076834868716,0.020699130364083117,0.03367790796396356,0.044779444586977045,0.0227280676018271,0.034984879893133855,0.009866437204337126,0.0
21,0.0401941223817349,0.03613840857512976,0.03021352843510923,0.0352159275459405,0.04812213797357933,0.07729426277678025,0.017431698081841175,0.037144727228775536,0.06817941562677425,0.22779642357883217,0.24729965034172074,0.08603758893957028,0.08772288220414333,0.0855483300409697,0.017572256223520783,0.06491418318886634,0.02930040030885191,0.05117436120043216,0.09406162520788784,0.04081124515822347,1.0000000000000002,0.10478562620342712,0.05528743796338493,0.07275018026055864,0.11258918539876206,0.06657801556784151,0.07725421088393498,0.048417838102033095,0.032682990298858024,0.01908312229295661,0.020743579963090876,0.025579031494303073,0.026742781622939773,0.02211527981502093,0.01963379516023417,0.019938333047468993,0.055806190905808614,0.033177335307522524,0.0353672485541784,0.03779503314603798,0.025099188644902744,0.0207408093463433,0.015996154967491235,0.025117009340355042,0.028058537922090343,0.02371023643457823,0.01624360433509171,0.03602466334221645,0.031144437014822998,0.0
22,0.02441199947990374,0.040504241830522356,0.022076230884577205,0.04383897009174917,0.1626541370229417,0.15916720268801757,0.13037372416387163,0.18891930880160496,0.13838795356731856,0.1684317210486906,0.1829822268081169,0.40949650982295877,0.09053810979162659,0.1266451219831512,0.05651640030053934,0.08962799208020135,0.05664777957785048,0.13594273624324324,0.1767525726029022,0.10481548879302911,0.10478562620342712,0.9999999999999999,0.308731884586381,0.14959443337501163,0.33164845780737384,0.20053600690478804,0.18803444454927515,0.11099255250381102,0.03611061140924484,0.029457688454234517,0.04372065989177457,0.0781914003421111,0.021659711554862588,0.036687332060059384,0.033169372678959815,0.045503003453411864,0.04814731934898734,0.07681355160517347,0.06034448233110824,0.04857974279372889,0.05595792397420537,0.041606626330159296,0.032365111087630946,0.037601085708195266,0.07059114528579002,0.04847295627662597,0.03363377882759973,0.020341767038518282,0.03720093027078166,0.0
23,0.025816054538022798,0.05756284464242738,0.027756553583913542,0.04924788575287682,0.08479816092578063,0.09726399717703785,0.09960476167344688,0.09486945800000561,0.05903624787273861,0.10694051898605343,0.11658890363167779,0.1861542182047978,0.07538813100550903,0.09638983228179064,0.0812090486845907,0.06921761502459983,0.04842133175110942,0.08724805772914464,0.09799343741789424,0.06892242759998173,0.05528743796338493,0.308731884586381,0.9999999999999997,0.10249452914771334,0.14743115389729858,0.10562874066433166,0.175194125025675,0.05834973693788141,0.04332101108358789,0.04182348730802431,0.07544124379749421,0.10850156743923133,0.04524606094563116,0.044107262609323926,0.04978504105321355,0.03373953372635847,0.03877963247021245,0.04714015279104112,0.05735098393387165,0.05789433498855271,0.052769823622805356,0.045834327303580044,0.03411427069536811,0.036981641416915234,0.06246464892395926,0.07350492876018382,0.029953142004361954,0.0378080244227455,0.048141390867074335,0.0
24,0.1025399149376374,0.07229228626128698,0.06037729783017935,0.09804373552650397,0.12361043963650699,0.09036323539518341,0.03568485614083149,0.10550696366069758,0.10814521347996293,0.12975784971527105,0.14481877281026512,0.2033036760185887,0.09500419589748339,0.10711546393834995,0.08156753611484736,0.10747007817304663,0.0938254770061334,0.14072965718670508,0.115031456457355,0.06986328856833433,0.07275018026055864,0.14959443337501163,0.10249452914771334,1.0,0.2497740204695923,0.10537460964599678,0.117794386165467,0.10975635655555317,0.06878926766678788,0.0845449419392339,0.07819171183795107,0.0857488601054168,0.09931461062789865,0.05889772544410812,0.07272304483600059,0.06926549132526127,0.05601452108453432,0.0430153966647903,0.04703532514833368,0.07140416328441633,0.06073832362896446,0.06664430305937917,0.05995352205468673,0.04715428039934106,0.04140483342968067,0.042588132974926605,0.024394812443274613,0.05156223204811707,0.020094377505527616,0.0
25,0.06139404406858256,0.06597663165345712,0.0353926815912149,0.07392674938431384,0.11233089621441789,0.09452985645174015,0.05876579419532983,0.14149950526474575,0.13036109138846722,0.2291724225786284,0.2475898359143797,0.23082680672328015,0.14951800713176147,0.14768914903574906,0.08910314155439432,0.14660958950757866,0.10298778749241405,0.14216082267484492,0.20140118783739872,0.1069829507106065,0.11258918539876206,0.33164845780737384,0.14743115389729858,0.2497740204695923,1.0000000000000002,0.20273073082110094,0.24655775919268486,0.133504245616555,0.06407573561305878,0.03699309580365815,0.04891716313786368,0.0614391860885119,0.028679064839939195,0.0431144206806679,0.035099726601778854,0.03093651436606467,0.09032329371906567,0.10718080110292957,0.06929589965682328,0.05338494794552624,0.07013762914503698,0.08048395222847084,0.05324149775526154,0.047073426225856155,0.062449512674505554,0.06115010622015554,0.06102600050159854,0.05186164660153652,0.04261447181374227,0.0
26,0.037587322311406886,0.036011169550815306,0.026174143072974693,0.07823219064921143,0.06167898014473719,0.09030944509401924,0.026621161761616854,0.08366559999360072,0.07237717318824884,0.11315683265466363,0.15854869507160893,0.12222123189373622,0.09848848180173646,0.10385459676861498,0.05054611218495013,0.09233464024078622,0.06171203799712567,0.07002758307229717,0.15766421818787282,0.059578323859592316,0.06657801556784151,0.20053600690478804,0.10562874066433166,0.10537460964599678,0.20273073082110094,1.0000000000000002,0.2540999267986977,0.0777727758747623,0.049674012876303686,0.048570417093736454,0.050822693953320924,0.053408970627129904,0.027237336302527587,0.018758764723917586,0.01584786050968268,0.04401934515528404,0.03608281342736864,0.0942104063328308,0.10294950218573452,0.04652131479101759,0.03807235437863469,0.06675011081612346,0.054496236557552466,0.07073332601376602,0.14731137543344283,0.07463788691431338,0.049571556055992214,0.05932177830208879,0.09215342620990621,0.0
27,0.02076655244158669,0.036058355117901196,0.020184693718827543,0.07546280706159719,0.10402734538937994,0.10749424773700042,0.026104583225109036,0.10182652352034491,0.08362939193006001,0.21279047579304136,0.21929966748554375,0.2544042390366648,0.14841218122982267,0.13432668035827844,0.04848742271258372,0.1031438060152602,0.08343927823225261,0.07433753971947753,0.1169092955498999,0.058312390356260256,0.07725421088393498,0.18803444454927515,0.175194125025675,0.117794386165467,0.24655775919268486,0.2540999267986977,1.0000000000000009,0.11834750422245802,0.027985644376940993,0.040623354185367055,0.05540927243626355,0.05425640541187919,0.03746221907571047,0.02413158398562262,0.034522213349984884,0.027791407991022348,0.02381489034774713,0.056253616199421555,0.07990543057524663,0.03261504913167331,0.03529734380541527,0.08672201685000426,0.0621700743270999,0.10287667787200323,0.20232697060568036,0.08032479953714565,0.0817551810567378,0.09337580851675278,0.14264431422976687,0.0
28,0.1977676010486541,0.10124915723672415,0.10051520643905522,0.1378789567354132,0.12627210545949297,0.09519114103211898,0.06562307129893855,0.10264671154600075,0.10411971874087778,0.1442957691755404,0.10169200272294612,0.09935010493649772,0.09404135569519871,0.10074923401622796,0.055692524478865794,0.08313620427507064,0.1347424242198195,0.09599808966887016,0.12166308956200646,0.07224489727424584,0.048417838102033095,0.11099255250381102,0.05834973693788141,0.10975635655555317,0.133504245616555,0.0777727758747623,0.11834750422245802,1.0000000000000002,0.10412671641545525,0.11673363476885448,0.07660776533939179,0.044409660264355666,0.0659104425265769,0.044486043377591405,0.05905236671722858,0.0918336672888221,0.0691628133160612,0.043777502689747005,0.02535611895456565,0.053250176992585475,0.06984895477748376,0.15334350191530713,0.0502892409973105,0.084672618379032,0.0772378361187996,0.06349509336027248,0.04621852857253544,0.08806013116386836,0.027685614161987483,0.0
29,0.22576498500255038,0.24137461847420494,0.2628140375331954,0.12933578056052827,0.0697975172802109,0.04469278579190052,0.020653472748220818,0.040940597273995884,0.06872383055704834,0.06318732825760162,0.07151302114802209,0.048873170963723324,0.041934432118610164,0.03827842026020184,0.13894482569297523,0.05138921368757787,0.0730820142627341,0.06695872262268626,0.04008231874458706,0.03304465849386881,0.032682990298858024,0.03611061140924484,0.04332101108358789,0.06878926766678788,0.06407573561305878,0.049674012876303686,0.027985644376940993,0.10412671641545525,1.0000000000000004,0.2371313978869988,0.17469918486430674,0.12044029867541463,0.09666731036191675,0.10207260502486193,0.1179398935786076,0.0638932399138193,0.08931607790292594,0.06897061885993576,0.06962808620433392,0.10515143507558163,0.09790997707335057,0.09946977675767897,0.06659107707172789,0.04777701619536114,0.06166033095829946,0.06022343621436256,0.07586017577230672,0.1257243173046546,0.040067172073199195,0.0
30,0.20301511017440857,0.14888900668963853,0.15945067705283006,0.08766055283181183,0.06882736019069151,0.07768416540658216,0.025717584293789543,0.06072302382628245,0.09082676106566222,0.08152293299125796,0.05220452596576405,0.04329185863378197,0.07505511435844445,0.05207142734708752,0.04918718843923329,0.04684273939319272,0.057117217531934536,0.05319292602111502,0.022967523699127586,0.033165591357890684,0.01908312229295661,0.029457688454234517,0.04182348730802431,0.0845449419392339,0.03699309580365815,0.048570417093736454,0.040623354185367055,0.11673363476885448,0.2371313978869988,1.0000000000000004,0.33905319964563474,0.25550367536287844,0.2604435338706184,0.2852797083770249,0.26479435459765194,0.198042574523592,0.1881095822327165,0.12135707511029935,0.10915448453423596,0.24259349578613215,0.24100819081362734,0.31516027916414746,0.17672954165686303,0.15576085765701023,0.15964458426779274,0.1330338255781662,0.10453501213806073,0.18163714903317077,0.1245582167667113,0.030615549431808022
31,0.1779793236039565,0.12200086804897695,0.1078147456600989,0.09635271152239978,0.08655724141507677,0.0583329116105276,0.02009875018021842,0.0647509759307735,0.07172809679933173,0.06888440520679129,0.06887563838130574,0.08141177923322063,0.058757847130500085,0.06359038314150477,0.061921677633263575,0.036101151483640154,0.045040377781573576,0.07724611363189224,0.04451622665188989,0.02794660933683012,0.020743579963090876,0.04372065989177457,0.07544124379749421,0.07819171183795107,0.04891716313786368,0.050822693953320924,0.05540927243626355,0.07660776533939179,0.17469918486430674,0.33905319964563474,1.0000000000000002,0.47094680012228474,0.4184641015093117,0.43703967884247347,0.3855458933367073,0.40602917199512734,0.32960674465517237,0.23991879077567244,0.22883745420205354,0.35448538381734074,0.2694582828920952,0.25264199953622307,0.16051199493108562,0.14826058313293575,0.1242230013258216,0.12424820697441308,0.15119484769203803,0.24786595791841584,0.08127622020056306,0.03372882384683179
32,0.037707785648475385,0.05986437042286105,0.034202416992112766,0.10619137444524036,0.06109838254015814,0.03451650440501658,0.018732395617188417,0.023357791395124842,0.04279590346257531,0.028171091696737566,0.06649128904490686,0.07021068432390747,0.0226823416492788,0.07120203269462214,0.01757206601319579,0.0388663524048821,0.02851224997442275,0.07432492426225364,0.05033754906718335,0.035582248198297285,0.025579031494303073,0.0781914003421111,0.10850156743923133,0.0857488601054168,0.0614391860885119,0.053408970627129904,0.05425640541187919,0.044409660264355666,0.12044029867541463,0.25550367536287844,0.47094680012228474,0.9999999999999991,0.36796849023782313,0.3683170378049381,0.33023472252380587,0.2400261071094247,0.33729009927212467,0.2573749214953658,0.25366227512654604,0.43811781638440855,0.3406311733169684,0.2273711130387813,0.1022970366301516,0.06697164457288524,0.0650110789280272,0.08344395238368528,0.05962264404490672,0.16592395428963932,0.035306235948150216,0.0
33,0.06264875561701112,0.05762666567584559,0.04042153197918749,0.09870778044418374,0.05503571404931246,0.030745654006403646,0.03414086031919662,0.07051449097284747,0.06920785764510562,0.033978768089683864,0.055483171914356505,0.043066235323032984,0.0329547312092235,0.06551314843914922,0.050390616302524144,0.04109702186387997,0.04210299868611662,0.07294597736994812,0.051567965747881896,0.040282010138057246,0.026742781622939773,0.021659711554862588,0.04524606094563116,0.09931461062789865,0.028679064839939195,0.027237336302527587,0.03746221907571047,0.0659104425265769,0.09666731036191675,0.2604435338706184,0.4184641015093117,0.36796849023782313,1.0,0.3329108713800924,0.2982889968452558,0.30821641574282643,0.2372248280350158,0.1696285231966147,0.15636587694635182,0.2607796817646505,0.19661215259842252,0.2165515208972316,0.17695462640765916,0.1284417345972877,0.086894614675056,0.10754024235608814,0.098092557765048,0.17222338331841783,0.04841516938527631,0.03052411463553209
34,0.07777600898048051,0.09179429010900242,0.01860424733019808,0.0732569142431845,0.0617410647234191,0.05097434135797636,0.012744477892873324,0.07242790492488073,0.05344073964216926,0.030020827930103206,0.052712742696564535,0.0633170928667422,0.022305274471633427,0.016429401296425023,0.03997820478188333,0.040657162551339415,0.037276981244918315,0.05029089989882733,0.03681967973837017,0.038837711433517025,0.02211527981502093,0.036687332060059384,0.044107262609323926,0.05889772544410812,0.0431144206806679,0.018758764723917586,0.02413158398562262,0.044486043377591405,0.10207260502486193,0.2852797083770249,0.43703967884247347,0.3683170378049381,0.3329108713800924,1.0000000000000002,0.3970385441443834,0.3212949359026742,0.3192031780153137,0.2489216993791173,0.18493399969964078,0.3537238012370644,0.2785590882651455,0.24897026888353704,0.14041981109330368,0.08245465822451921,0.08251797534996824,0.11537037908402013,0.11708386471314629,0.16621172253182226,0.037554304456446544,0.0
35,0.054653836597038805,0.11335134714461297,0.022487659030852203,0.09210316399559668,0.0425824300622548,0.02704899796503675,0.02768590830635655,0.058779500411391385,0.08275833607969706,0.019136901838594678,0.0328024872006662,0.05284171370402372,0.03360188537036471,0.025217745037933982,0.026740491245505007,0.05988410378677408,0.03272963505422993,0.07352445557801651,0.03521887893043561,0.016640717093535096,0.01963379516023417,0.033169372678959815,0.04978504105321355,0.07272304483600059,0.035099726601778854,0.01584786050968268,0.034522213349984884,0.05905236671722858,0.1179398935786076,0.26479435459765194,0.3855458933367073,0.33023472252380587,0.2982889968452558,0.3970385441443834,1.0000000000000007,0.25292492751645984,0.2701367124459903,0.18454202278260723,0.17075135127459928,0.29901365974033095,0.2800894027247612,0.23552070763312136,0.14104116232578254,0.07713939236087813,0.06423134466156555,0.08443343321790862,0.07152791510611482,0.14906918293821164,0.03824269025449216,0.0
36,0.07479983111772551,0.06716168194975831,0.04319616462125144,0.04733381368292424,0.031042910119841127,0.02537292704137369,0.022916434701880237,0.04303849735138991,0.057909424544439196,0.03913762004261547,0.02933880975220623,0.039282705135551634,0.029004066852966942,0.0542811980278448,0.03820492015835063,0.07653480020307761,0.04233184184222593,0.0721499373175859,0.023483850218895614,0.014599531070781588,0.019938333047468993,0.045503003453411864,0.03373953372635847,0.06926549132526127,0.03093651436606467,0.04401934515528404,0.027791407991022348,0.0918336672888221,0.0638932399138193,0.198042574523592,0.40602917199512734,0.2400261071094247,0.30821641574282643,0.3212949359026742,0.25292492751645984,0.9999999999999997,0.3372337965928607,0.24380219394559002,0.14872461555102354,0.2334612810033545,0.16044667828921286,0.17912499416295946,0.12026693387211963,0.13114059830956795,0.11902754291979589,0.11699957290849196,0.16338509883993477,0.13759369325993018,0.0646667769917122,0.009332302729559122
37,0.032569300329798254,0.09342086372451024,0.034882076887691786,0.05044806313457109,0.03571833565953093,0.038283237407124415,0.02719326370964683,0.05222245884022384,0.09058938969779638,0.048906892677373116,0.0789871285970039,0.04631724926423016,0.0666068272896956,0.05451797155075828,0.038613849805456686,0.07344433689841848,0.04404076001145388,0.13475469575414745,0.06735508595123818,0.04592095519612572,0.055806190905808614,0.04814731934898734,0.03877963247021245,0.05601452108453432,0.09032329371906567,0.03608281342736864,0.02381489034774713,0.0691628133160612,0.08931607790292594,0.1881095822327165,0.32960674465517237,0.33729009927212467,0.2372248280350158,0.3192031780153137,0.2701367124459903,0.3372337965928607,1.0000000000000004,0.395225648656313,0.22255630633165432,0.3108930577510013,0.31666578281949914,0.19584013505724138,0.1630407361123913,0.08045400799610418,0.13224258084930218,0.11133535437398741,0.11147744766690515,0.14407067077180505,0.052093775489323584,0.0
38,0.0556053163265583,0.06243672126554468,0.03745054677694544,0.057917670929904186,0.05840697060881509,0.07684526044798126,0.045784696310863064,0.08584774010289499,0.07307407624795695,0.04446806160503148,0.06544233092515994,0.03384611868457427,0.0825562939658739,0.0513072432511984,0.052150431533264104,0.06967603342742262,0.035624886641752104,0.07222626592252378,0.06194828071679984,0.044292059317010544,0.033177335307522524,0.07681355160517347,0.04714015279104112,0.0430153966647903,0.10718080110292957,0.0942104063328308,0.056253616199421555,0.043777502689747005,0.06897061885993576,0.12135707511029935,0.23991879077567244,0.2573749214953658,0.1696285231966147,0.2489216993791173,0.18454202278260723,0.24380219394559002,0.395225648656313,1.0000000000000004,0.41368283079612095,0.23615866722430318,0.2302505087093394,0.17147745725469354,0.1588629436464783,0.10482777527147427,0.11880436485397917,0.11075856423351982,0.12452402737421477,0.12810437196418087,0.047965624019205684,0.0
39,0.022181069698652977,0.044624242151644636,0.012596311476107291,0.04562014139266445,0.02785614039513099,0.05251523386263156,0.02889313546572118,0.051923922927636604,0.04012648443510208,0.04731552923095953,0.05922355551654618,0.06229005331532492,0.05507184295829598,0.0431756593482543,0.030292181233292133,0.06421108922838668,0.04138315451214953,0.04919577173247303,0.05627447934981157,0.031216270671057023,0.0353672485541784,0.06034448233110824,0.05735098393387165,0.04703532514833368,0.06929589965682328,0.10294950218573452,0.07990543057524663,0.02535611895456565,0.06962808620433392,0.10915448453423596,0.22883745420205354,0.25366227512654604,0.15636587694635182,0.18493399969964078,0.17075135127459928,0.14872461555102354,0.22255630633165432,0.41368283079612095,1.0000000000000002,0.2420089077140256,0.19879097825881234,0.1543876598148739,0.09247150682407,0.07973985083465171,0.14504403752919168,0.06934960825323774,0.07711576660697315,0.11027910159315886,0.0841260854289217,0.0
40,0.03795886835227218,0.052152424439615444,0.06156572893394239,0.09710847082126045,0.06999524240932443,0.05929444288725099,0.0230900817466735,0.04971122835040998,0.07663484394187482,0.050109904388429743,0.059567341071376144,0.04813820506513073,0.03581959968281188,0.040537960157975714,0.04332410233131802,0.045663064295799236,0.038937785813515355,0.06560712594189475,0.03245208252542726,0.018938051879539713,0.03779503314603798,0.04857974279372889,0.05789433498855271,0.07140416328441633,0.05338494794552624,0.04652131479101759,0.03261504913167331,0.053250176992585475,0.10515143507558163,0.24259349578613215,0.35448538381734074,0.43811781638440855,0.2607796817646505,0.3537238012370644,0.29901365974033095,0.2334612810033545,0.3108930577510013,0.23615866722430318,0.2420089077140256,1.0000000000000009,0.47082913461672005,0.25276342544267544,0.17054483658269298,0.1324584326862343,0.10140797058975419,0.1764117714383276,0.09116111688095183,0.1752867198931349,0.031083633974218938,0.0
