chunk_id,1,2,3,4,5,6,7,8,9,10,11,12,13,14,15,16,17,18,19,20,21,22,23,24,25,26,27,28,29,30,31,32,33,34,35,36,37,38,39,40,41,42,43,44,45,46,47,48,49,50,51,52,53,54,55,56,57,58,59,60
1,1.0,0.2704703400559889,0.2358405734364745,0.23004918664281734,0.16859171398394943,0.09435610678017176,0.05882851790826513,0.09180968629744894,0.07399465535934714,0.13451348604822297,0.09652415941165299,0.20825949438182803,0.08684691181783685,0.07125198204531703,0.1771024330050475,0.11529680296509384,0.09657879107562636,0.05502689992143216,0.09028387471980656,0.0774782283165952,0.11656000034323673,0.09388199886682033,0.06385662861984977,0.04391582696327244,0.09725860190548852,0.05418365086749965,0.063554156286521,0.04849595752740584,0.14929230629112197,0.08551139864755486,0.08474491609796053,0.07015053389653408,0.12401272512470998,0.2566010139588629,0.2553936679483919,0.2912341093771482,0.329160412826468,0.11470543470973323,0.06632955742486699,0.10112430378558022,0.16071190599802254,0.08381076295368774,0.13012726690414336,0.13398501653006273,0.06559691152726532,0.08570768587651656,0.050437625005602754,0.06744332292027919,0.09255139569167553,0.10739188961101619,0.20536440324095484,0.1649089636434377,0.13309264388137546,0.14929293971943647,0.14362772614285055,0.13948327115721193,0.11950888566695375,0.2402088649643756,0.13607095031030456,0.14514267095034675
2,0.2704703400559889,0.9999999999999999,0.31807049609869026,0.2587020553790622,0.17784245455020004,0.12804613837914497,0.060243773341143475,0.09478992410375511,0.08121676552866317,0.1868583521847796,0.3320375879657584,0.11074155137469097,0.07037497788134489,0.08800359402275859,0.08184989409556002,0.1109633935210309,0.10038390563874709,0.08746048750944155,0.1956199722707559,0.13894176994437984,0.20917302530202941,0.10193521171968897,0.09419715651327723,0.0849045793026599,0.13144179733326256,0.037957932964484825,0.1006657003657907,0.10927953988156648,0.09829633148768388,0.09130431404311953,0.11376425792712673,0.1172042423911357,0.12267318280806891,0.16654268958243543,0.2597929787331393,0.32351633198023566,0.2610386126961988,0.116879413370336,0.11148699169965992,0.1187566861534042,0.13531573749307343,0.12690580712066327,0.20638478358508372,0.12093704658819214,0.1581078133635835,0.13692402374926393,0.07692080012352827,0.08531853257734467,0.08770942181669852,0.11797246558406782,0.12143253912687296,0.10761707243943586,0.0638883038747289,0.07991427286907325,0.08199576480566963,0.1436865379247942,0.09495410073054854,0.17628461512566124,0.07931122020708321,0.035901009157117476
3,0.2358405734364745,0.31807049609869026,0.9999999999999999,0.39488042860849804,0.29126095166215626,0.13493795657498153,0.10350868616011351,0.07917287800753685,0.10735146035730697,0.12941680641020492,0.1550583703785276,0.22261548703804052,0.11524609023830565,0.09449741994938608,0.08752402275744475,0.12064733774962569,0.10210857578771224,0.05870860274369942,0.144606699674389,0.14230216978609092,0.23113351933642162,0.11846318822871048,0.13013029920396504,0.04951627415643973,0.09514905124098981,0.05584863577363118,0.13593274969246968,0.08163716967349882,0.13755794922485992,0.1413817544854049,0.08142650156864811,0.11354997377032425,0.18222439052368025,0.28425598155991144,0.30169532578171904,0.37218071911293116,0.34385253057612075,0.1117346184839357,0.10284645352821672,0.10344214081692105,0.13920369674333657,0.1106855936786826,0.17715584249187472,0.16234836001417988,0.13722378018585177,0.13869892685016288,0.08573495173094066,0.0690682261229371,0.15668178361141402,0.12087063557737801,0.17680191771005824,0.11694785753022653,0.09921755209723974,0.11866535780964252,0.08931311618586109,0.2010950276752659,0.18645354714899035,0.1855136060482283,0.13512376688708863,0.09230987137161684
4,0.23004918664281734,0.2587020553790622,0.39488042860849804,1.0000000000000002,0.3792682391285639,0.13865752776813217,0.17430816176863767,0.10834680195483057,0.08879718609208406,0.1399929265384925,0.13777634203933445,0.14140377367426782,0.06077804528215623,0.08911136317034904,0.17044256831757054,0.15153021083356846,0.16142748876468382,0.1196980628135686,0.1559717555392448,0.1582639689938404,0.19624521715144205,0.13663100425285074,0.12914430561501017,0.07306227509071725,0.10276004814187183,0.06891372776770674,0.10785931490050014,0.08334174479933651,0.16237189692463513,0.0702451148021886,0.12652506854417225,0.1466643047078799,0.15330537554685392,0.2418350990599663,0.2632637163776841,0.33363966341170187,0.32702894622193673,0.12229176357457047,0.12577615874413034,0.18206221039019244,0.155504357456376,0.14857132022751643,0.21833050240582097,0.12940110375929198,0.12718021180701314,0.14433152547435718,0.08275300074181277,0.08234030871485772,0.19050420729748987,0.1360186822542383,0.14173113608200533,0.10894618986249269,0.08160963592876358,0.07879371850506119,0.09332949658540954,0.13614098310377773,0.1170088052030062,0.2278012076751012,0.09942629741339687,0.07122111674880462
5,0.16859171398394943,0.17784245455020004,0.29126095166215626,0.3792682391285639,1.0,0.39171441199743245,0.3156898652718536,0.2045776971503109,0.1047634188455372,0.20667623139849528,0.12683367832807038,0.15879478128499752,0.13460761528056447,0.10526314871169423,0.18758157508079923,0.22972393482554493,0.16288138283404702,0.10784818016416339,0.1398628117927461,0.19546903371464353,0.16692531891761353,0.11114093728587579,0.12483522208764869,0.1254613654592791,0.13232363985557813,0.09450099082521832,0.0906216725767627,0.10128390627284825,0.12777016620238735,0.13377618699783975,0.1270452683658005,0.19617620723853402,0.24833649274339958,0.23386042218118847,0.20607129468869143,0.2592086496544495,0.2573451450633744,0.1421840607312208,0.14394942499633007,0.16151187913842618,0.14195391624315407,0.13841732831904918,0.25872963905221974,0.13591343834543787,0.10484816696148984,0.08503425407673704,0.09365401844218307,0.10238786354967322,0.19729911828666605,0.13683270129936415,0.17595218973447815,0.11873219227438334,0.10773092614420633,0.1248547903489303,0.11147129153704899,0.1733924966864609,0.130183724312063,0.18798749908144075,0.13385675907355696,0.1275254162377112
6,0.09435610678017176,0.12804613837914497,0.13493795657498153,0.13865752776813217,0.39171441199743245,1.0000000000000002,0.4389078576537529,0.27784905715914454,0.2980332793550603,0.4169177778458472,0.30331129333585033,0.21635744650860078,0.20125026751975827,0.16219448449116852,0.18520781406021386,0.15541124428746733,0.1520430764489633,0.12068220635877872,0.1306923963167664,0.1385493896901151,0.1486749653733218,0.1615448357030134,0.12676508525727315,0.1259128435828622,0.1571870647819546,0.11038158908265418,0.187317959466294,0.1342931460655589,0.16779368472992917,0.16648496416629444,0.16666052534550924,0.08892575219907152,0.17043311805087516,0.1941229540162661,0.11161671676893897,0.14264653512339961,0.12065131268704345,0.14281904875006002,0.08641566562083158,0.12846934566492288,0.15858856344583172,0.09532612552747234,0.12027873259118044,0.08422324898741053,0.08223804563506937,0.09801712368946588,0.07164372308729693,0.07405403379546044,0.10996708954163184,0.13382414286261413,0.1538505324848596,0.11532005448931305,0.07112322640829352,0.08587196191985683,0.06850809607839425,0.11144031785438868,0.1103459085772334,0.09511031849361466,0.07080220085746922,0.06088965778447092
7,0.05882851790826513,0.060243773341143475,0.10350868616011351,0.17430816176863767,0.3156898652718536,0.4389078576537529,1.0,0.16651657687103166,0.14484888183723998,0.31046223383066474,0.15596193513352702,0.15993800719601178,0.17161049743319312,0.14610325715648045,0.18218135433054555,0.2648438806307332,0.1751367913766326,0.23217765005602292,0.11746142662775776,0.19876412509092697,0.12071025847305739,0.17500180484631073,0.16503602499624345,0.17185946701185037,0.1332156351768165,0.14470246022429986,0.23036224595606264,0.14602763948851624,0.15949650261363935,0.1144999061150113,0.15495859111706062,0.24408535995618208,0.20678323255160036,0.11334164700094725,0.0803366486080836,0.1332647930426237,0.11301312863569346,0.08948704895848486,0.09650112708171409,0.09044054124485773,0.1257667438629616,0.05358893872120721,0.09533076397219928,0.06280757174979974,0.05588946362677644,0.062625552392402,0.10597705611160815,0.1046808190074066,0.0907364831644651,0.08171510676824423,0.0823400871208536,0.1063225982783223,0.12519852238723966,0.10158983599088114,0.1748693729052247,0.09421954837424767,0.08794581068751918,0.0893373266060881,0.08300651083215219,0.13853297617286828
8,0.09180968629744894,0.09478992410375511,0.07917287800753685,0.10834680195483057,0.2045776971503109,0.27784905715914454,0.16651657687103166,1.0000000000000004,0.5131216824402887,0.2778313115986398,0.1629234966779494,0.06692047270875251,0.06819827135412838,0.07004776761562105,0.10851045663424577,0.12430338733735294,0.18847322393049154,0.11651367832941185,0.10635756069193406,0.11235508316416139,0.12190220654117244,0.14657487771309924,0.10703104479986013,0.11666295275635408,0.11697794374585659,0.07694207196312575,0.193024108347768,0.11765170995104329,0.11324114242346578,0.09770122709174806,0.13071561309846272,0.08547874387346097,0.09649662289778366,0.12194386933144281,0.05017742088575422,0.07953781161239636,0.07543902966427055,0.05758107987717845,0.0732299234210891,0.08045158607885769,0.09267406478239684,0.05797746461579774,0.08176987752144056,0.05540666688474322,0.06315888441448118,0.08290486058914111,0.06741595759374427,0.0581097112589693,0.06538837957214465,0.0880787216921413,0.09840162806371382,0.07141678301843585,0.05338009589556057,0.05271409099627034,0.048746389775621096,0.06301583599862647,0.03609369578793169,0.07481014850549195,0.04102725736204199,0.02224988176886413
9,0.07399465535934714,0.08121676552866317,0.10735146035730697,0.08879718609208406,0.1047634188455372,0.2980332793550603,0.14484888183723998,0.5131216824402887,1.0000000000000002,0.43307130187857923,0.22885891280885987,0.0748265726112839,0.08103510436769282,0.07730340634022333,0.09800835179214032,0.10526048782225429,0.12738030512326137,0.10273150968816464,0.121290463401389,0.12737906751370764,0.11627943565093021,0.1628303875154587,0.11388920974830002,0.10414789441979638,0.12752786974664843,0.09207586885616417,0.3113777905539908,0.18337016378693108,0.12991315890849092,0.12501579631736626,0.16976787268406596,0.08361208390256386,0.13721027142639042,0.14751145720069228,0.048674397842075154,0.08023574795297064,0.08320222914899024,0.0715264488691058,0.07343923048249976,0.08323780180197375,0.11831671864616652,0.08569626480196663,0.10578563207875566,0.06206197960830091,0.08338277842596174,0.10404194251527221,0.0961362902254641,0.0798761491683768,0.08936983923054513,0.09944229963169038,0.10910576947506583,0.07787466372858161,0.07157492784892353,0.06641863009340704,0.04851098328255868,0.07572122135995997,0.036278216310473295,0.0666011347339295,0.03142245944977888,0.028724200603289056
10,0.13451348604822297,0.1868583521847796,0.12941680641020492,0.1399929265384925,0.20667623139849528,0.4169177778458472,0.31046223383066474,0.2778313115986398,0.43307130187857923,1.0,0.4207429401007893,0.14932934507549656,0.14305701313373242,0.13034383309423225,0.1667248812519895,0.254349889351865,0.21120821262500974,0.18531226285759944,0.14172018169383507,0.18380495342558556,0.16950631617826167,0.21877357933363475,0.15665439635492906,0.2005316280749605,0.18566862880752638,0.11399432684936749,0.2912403713579411,0.15065343009871357,0.19543422066293956,0.17116029161273466,0.20410278101407797,0.16985187951308336,0.21121380810107127,0.15173563519777,0.09181762529694303,0.14110364696253203,0.16306087430624802,0.10228705805049472,0.10582696468438904,0.1728622977851909,0.15997820775866348,0.09954845788140505,0.15458108861126266,0.08221701569152695,0.09630463055130374,0.1259776307604805,0.12428176021618784,0.11654950818082686,0.10457120963647225,0.14933667703746709,0.15005098205079317,0.1355982811970617,0.1140699705040889,0.0606564438247189,0.09449118927062797,0.13898697244829494,0.08996295210655432,0.1421984362184377,0.05583789005540814,0.060048989927322084
11,0.09652415941165299,0.3320375879657584,0.1550583703785276,0.13777634203933445,0.12683367832807038,0.30331129333585033,0.15596193513352702,0.1629234966779494,0.22885891280885987,0.4207429401007893,1.0000000000000002,0.16522151262740523,0.11829869085955064,0.10523889068143873,0.1301283029459612,0.180818918795754,0.1448867941557627,0.12699606967554386,0.29360043501469396,0.15143981653127914,0.20831353718984275,0.17086808630885736,0.12841384627038638,0.12878259388108554,0.18969313992394488,0.10707518371897518,0.21553431369294707,0.1040542059538156,0.17831042893108184,0.1731470478299989,0.1562067785912819,0.14448680233053843,0.1762139684085799,0.14764105188012566,0.09889365254807625,0.1525471370075922,0.18080010262805862,0.12241042104220229,0.10038148556118162,0.12910445672029344,0.14224687770365946,0.10593608763496731,0.19334604576024894,0.13237897008959734,0.15447980409994008,0.10933394079142084,0.10237807774829623,0.10912255395355076,0.11180403990414868,0.1450004781267875,0.16242722049150965,0.14524839090206848,0.10023406059764736,0.06900340788343608,0.06397056100041021,0.15108095670556923,0.0977697787454885,0.13849801432432646,0.04692236364295086,0.06858486269007592
12,0.20825949438182803,0.11074155137469097,0.22261548703804052,0.14140377367426782,0.15879478128499752,0.21635744650860078,0.15993800719601178,0.06692047270875251,0.0748265726112839,0.14932934507549656,0.16522151262740523,1.0000000000000002,0.4914352131264991,0.25627937786360927,0.312653998873911,0.257849340255443,0.20907537250785463,0.1101943076917226,0.28690776951504143,0.12792764592715614,0.19342463125405165,0.11565950609553341,0.17425862135027562,0.05532727665436364,0.18868407689124478,0.2700616651834919,0.1755338988795379,0.1368704848740464,0.1648059343108512,0.22791664909757345,0.19430068921959076,0.16352841910399826,0.32141057863292355,0.2651710648026766,0.14242360395056114,0.1939470635279144,0.21624947576983167,0.0949655040690415,0.06238015710201379,0.08078250928561381,0.15668450100919232,0.06630913747024403,0.11181690114611748,0.13271730758807915,0.09736480940899547,0.11009665501866095,0.08888392074261253,0.10253877053523829,0.13329391685002007,0.10609029548014831,0.1681842628974633,0.189666897195682,0.1289449752253522,0.17096377902198945,0.1841117716435894,0.18471038454472655,0.1714692588406728,0.21115509764344315,0.16580935624370052,0.16429118421284067
13,0.08684691181783685,0.07037497788134489,0.11524609023830565,0.06077804528215623,0.13460761528056447,0.20125026751975827,0.17161049743319312,0.06819827135412838,0.08103510436769282,0.14305701313373242,0.11829869085955064,0.4914352131264991,1.0,0.2481066778449929,0.2594736539898347,0.22415602796568868,0.2884750416288372,0.1047868894609941,0.1778055036167091,0.14262097126565776,0.14316744218121769,0.16529578413488447,0.2828744705449534,0.11635854071767607,0.2365528533035946,0.22632264432157698,0.19716761921136672,0.15278756255753767,0.19406368699739454,0.25857876906530386,0.24432526299568272,0.20493647706056264,0.2866337599815164,0.14505810802151753,0.07399912976810924,0.08468050851648207,0.09501507417540626,0.0774420116354953,0.11542745504383245,0.09017947965022399,0.06599050712589384,0.056136675817218165,0.09204190497532712,0.06564141111528979,0.07636052660566671,0.07510823364991649,0.09576393721570436,0.09425591680517952,0.07486166002357583,0.0927387148872801,0.09733563074368304,0.10245928163738259,0.07610768469568864,0.1361472266489068,0.14333757110162215,0.1097912291081133,0.11157266394526541,0.1131842230617775,0.11610419286847398,0.09202086979204863
14,0.07125198204531703,0.08800359402275859,0.09449741994938608,0.08911136317034904,0.10526314871169423,0.16219448449116852,0.14610325715648045,0.07004776761562105,0.07730340634022333,0.13034383309423225,0.10523889068143873,0.25627937786360927,0.2481066778449929,0.9999999999999998,0.39200814286935837,0.13892804622328941,0.15096699497989038,0.09303036027928835,0.10648241801252092,0.186504104197512,0.11663912469435103,0.1387885944049844,0.23165105736040828,0.09739876838736077,0.31518493117791413,0.27459670544031145,0.26903348073059064,0.1817936132917995,0.19626773085993812,0.22641791037962375,0.25872713123114643,0.16011553205861367,0.2789032067085375,0.14292183091880645,0.11439625155975844,0.06439658614242764,0.09794605824578709,0.08136694343805276,0.08756616333666324,0.10139389140981137,0.15582842099370636,0.07596885683199192,0.09304811669027079,0.05883591805294075,0.0868766108217053,0.10984611308518574,0.09085526209107715,0.0827014617192202,0.14354138622135956,0.09208956132475764,0.058387120866494446,0.10511000634633319,0.08106053459174016,0.11039614548537532,0.08905734578882014,0.07692643118642019,0.0673637312597697,0.1314121201210756,0.06757701479018449,0.0633915653835738
15,0.1771024330050475,0.08184989409556002,0.08752402275744475,0.17044256831757054,0.18758157508079923,0.18520781406021386,0.18218135433054555,0.10851045663424577,0.09800835179214032,0.1667248812519895,0.1301283029459612,0.312653998873911,0.2594736539898347,0.39200814286935837,0.9999999999999998,0.382217484163604,0.3096682347578218,0.20679829046177184,0.15802391088599144,0.1582419107230253,0.13218299898463104,0.17746663504201232,0.18522524180984723,0.12419128976389032,0.2077463296437994,0.21126387977200076,0.26558385421659786,0.2135965124734544,0.31903924003683437,0.26046315113881224,0.21830361075169172,0.20107441937148846,0.332121537323678,0.1786308889987643,0.10352561892840095,0.1501744586322255,0.17980110824325368,0.15313757527151006,0.1380643648120657,0.11382813270483325,0.17116060220981788,0.13473539952769004,0.17790462089783068,0.11475699281156537,0.07908827075407984,0.09156745369889432,0.09973627859822654,0.12620683074443645,0.10754623254761983,0.12149880735972843,0.1458947691025901,0.1536940229604111,0.16255806155036262,0.15290508803559097,0.16379448920803763,0.13443655586246614,0.09526514014351883,0.16529940954815214,0.14720869733968034,0.19429201451747347
16,0.11529680296509384,0.1109633935210309,0.12064733774962569,0.15153021083356846,0.22972393482554493,0.15541124428746733,0.2648438806307332,0.12430338733735294,0.10526048782225429,0.254349889351865,0.180818918795754,0.257849340255443,0.22415602796568868,0.13892804622328941,0.382217484163604,0.9999999999999998,0.3979576141428479,0.32310354600337166,0.12958628709604297,0.14089141402150301,0.15165089055929087,0.17688247550698263,0.16291988448587363,0.20029631821073388,0.17329035951138275,0.18273595261480924,0.16613791166192388,0.14071921759127623,0.20056970361202742,0.18255315159891325,0.1823271045222816,0.21445581946111,0.2535521346670882,0.1386658481573389,0.08985089327181407,0.11560196536764704,0.15372527880979728,0.1022122063180292,0.08939971456294615,0.09287204463188879,0.11480246990059312,0.06377834496200714,0.10177445160998355,0.08959743992485387,0.10754743521877005,0.09329990303947669,0.1354617961260319,0.11961842069511233,0.10203413863689804,0.1003043780760684,0.17567329821355782,0.1488307630282308,0.11916585753060116,0.15773795858325496,0.18184661233500074,0.13852212768266653,0.1566844957214598,0.18868390581059713,0.11691537096215235,0.11406964972687034
17,0.09657879107562636,0.10038390563874709,0.10210857578771224,0.16142748876468382,0.16288138283404702,0.1520430764489633,0.1751367913766326,0.18847322393049154,0.12738030512326137,0.21120821262500974,0.1448867941557627,0.20907537250785463,0.2884750416288372,0.15096699497989038,0.3096682347578218,0.3979576141428479,0.9999999999999999,0.33877752299225017,0.26482919725492743,0.2024542695955942,0.19140728581551567,0.1846026993907845,0.260251195014729,0.15683759076744797,0.21846981929991222,0.17259681216991446,0.2430588096220429,0.17900796112950723,0.19467768078181424,0.24254656585316225,0.19557997820586337,0.21925631272194723,0.28872120153538194,0.12250379852109533,0.07791353323346215,0.1280948528830634,0.10040950609160261,0.12185783719382322,0.1439956595658023,0.12718152618082046,0.13645754218521725,0.07955592758941955,0.10675968824101761,0.12558388824227762,0.10787650530791448,0.07989651196934638,0.11218526300284146,0.11204134451395029,0.12111072522050265,0.1072693281987309,0.12162980835199545,0.0986377742188696,0.06798399751943376,0.11734160666754041,0.12403013883005129,0.14042862162820363,0.06589984364870077,0.1389043003513998,0.08766008688872656,0.059828706240247824
18,0.05502689992143216,0.08746048750944155,0.05870860274369942,0.1196980628135686,0.10784818016416339,0.12068220635877872,0.23217765005602292,0.11651367832941185,0.10273150968816464,0.18531226285759944,0.12699606967554386,0.1101943076917226,0.1047868894609941,0.09303036027928835,0.20679829046177184,0.32310354600337166,0.33877752299225017,1.0,0.19208106614993203,0.2503812478697479,0.16907911893266292,0.15223871510052417,0.16722377909321717,0.14322663666797078,0.11427194627867898,0.09303539270898567,0.11054606289435777,0.11436527860975292,0.16943191250484402,0.13508410250863684,0.12406517202577888,0.09123477196616572,0.1023661708881454,0.07788537606119267,0.20240811158266359,0.08447545706166477,0.08738265433891135,0.08618116970087267,0.07754032345586558,0.10180303622465417,0.10968935785147259,0.08318900906614396,0.07931552004873402,0.062296791956283834,0.05587346970939043,0.06760729369345728,0.07713775007616677,0.060623914351549485,0.08772015794051852,0.07832105476804606,0.08924578438042273,0.08674563795736928,0.05792263107914193,0.04996882470874336,0.05678007523326124,0.08616665815440885,0.056098923927827206,0.10672314025587876,0.04661364149197455,0.042460903951943754
19,0.09028387471980656,0.1956199722707559,0.144606699674389,0.1559717555392448,0.1398628117927461,0.1306923963167664,0.11746142662775776,0.10635756069193406,0.121290463401389,0.14172018169383507,0.29360043501469396,0.28690776951504143,0.1778055036167091,0.10648241801252092,0.15802391088599144,0.12958628709604297,0.26482919725492743,0.19208106614993203,0.9999999999999999,0.34308639027736637,0.377532650878952,0.14304661932654975,0.13435157457848126,0.08533566677819943,0.12790918462863793,0.08240065155533774,0.16962758100154127,0.12379774330957255,0.1333263674744689,0.15603777784565745,0.1339897221434978,0.12053077901770258,0.17060170754084913,0.14424423862484934,0.06287838428030466,0.09654352651517034,0.17087855825390103,0.0927354699133243,0.08360473213226709,0.08767263159561252,0.15070019855132769,0.11797043211973872,0.18359344123951143,0.10403285153120956,0.15589690456483132,0.09044829350536454,0.10049224513862998,0.0869367467876376,0.1267869101624648,0.1006630051597054,0.11829091834239766,0.1511966900579604,0.09207178068923366,0.09344427946857178,0.07391536367037184,0.12764792431780225,0.07403196385620803,0.12668365609234802,0.0574293981224684,0.03769287830931413
20,0.0774782283165952,0.13894176994437984,0.14230216978609092,0.1582639689938404,0.19546903371464353,0.1385493896901151,0.19876412509092697,0.11235508316416139,0.12737906751370764,0.18380495342558556,0.15143981653127914,0.12792764592715614,0.14262097126565776,0.186504104197512,0.1582419107230253,0.14089141402150301,0.2024542695955942,0.2503812478697479,0.34308639027736637,1.0000000000000002,0.4785270159135482,0.22264867762701523,0.35358473010611047,0.10791339612810277,0.19664416091099526,0.11481736273223675,0.17498861744801913,0.13888815655958525,0.1828218527946189,0.20648117912539937,0.18654681872771725,0.17981035284974012,0.21866722795395638,0.24147930141362878,0.07455343197914749,0.1522575188072393,0.11441500585599597,0.06009130469227869,0.11679720568454717,0.0975192402561646,0.11763143638186759,0.08699839686689237,0.13599407910390893,0.09332549628692036,0.09382848867846114,0.08872048486867476,0.11269583702406916,0.10404031432735905,0.11699044279043055,0.11631110863155844,0.10771800983882783,0.12526998647056653,0.07179800134339004,0.09046234553728508,0.05718825318575155,0.08920601185779611,0.05549155511983776,0.0874242885266446,0.042339203735300625,0.029646233898091203
21,0.11656000034323673,0.20917302530202941,0.23113351933642162,0.19624521715144205,0.16692531891761353,0.1486749653733218,0.12071025847305739,0.12190220654117244,0.11627943565093021,0.16950631617826167,0.20831353718984275,0.19342463125405165,0.14316744218121769,0.11663912469435103,0.13218299898463104,0.15165089055929087,0.19140728581551567,0.16907911893266292,0.377532650878952,0.4785270159135482,1.0,0.27293727564175385,0.3172568719172166,0.10717343900431253,0.18659848554957828,0.08484431672624587,0.15387101293758254,0.11808611382203751,0.1809810852426068,0.17715460943137099,0.1769568407830619,0.1514441394128931,0.21968740406855086,0.2330148696198796,0.12039217424090942,0.18303371270002428,0.19520581855920713,0.10234873409346956,0.12100869578547543,0.11615483640613475,0.1552746160079228,0.10194262753305272,0.2150417331839138,0.12366238147903277,0.1923114612400142,0.14059794852030613,0.10626604151115436,0.11604678330077767,0.16221871301213234,0.1697019832967063,0.1443492992445075,0.15827083841519676,0.08298585572448657,0.12316499668011463,0.1076575477894395,0.18432170411279464,0.10100330816183008,0.14057662535482537,0.09775970282797952,0.06970468488664854
22,0.09388199886682033,0.10193521171968897,0.11846318822871048,0.13663100425285074,0.11114093728587579,0.1615448357030134,0.17500180484631073,0.14657487771309924,0.1628303875154587,0.21877357933363475,0.17086808630885736,0.11565950609553341,0.16529578413488447,0.1387885944049844,0.17746663504201232,0.17688247550698263,0.1846026993907845,0.15223871510052417,0.14304661932654975,0.22264867762701523,0.27293727564175385,1.0,0.38645751021445524,0.17382625838711602,0.20316953756638442,0.11600337430370189,0.274709134023965,0.15406789555810002,0.20519548307419386,0.2166047174917052,0.16614290981237892,0.16639181961249871,0.18931359872413767,0.1397195613458661,0.09719438851276328,0.09975759030443038,0.11384193415610325,0.10644763253442055,0.14927500643999175,0.14532423453315663,0.14251106915944609,0.09100646534608672,0.13132558885420992,0.11935362629737503,0.13753765025455525,0.11133387007509239,0.09133161077529836,0.11139256990327155,0.11858869925462623,0.12046312017777583,0.11468616407363982,0.1332131744373671,0.11282593044961009,0.1052469820374042,0.05720949123461623,0.10082642609256544,0.05330663967239776,0.10270561828864902,0.06102633542188318,0.07871871347952175
23,0.06385662861984977,0.09419715651327723,0.13013029920396504,0.12914430561501017,0.12483522208764869,0.12676508525727315,0.16503602499624345,0.10703104479986013,0.11388920974830002,0.15665439635492906,0.12841384627038638,0.17425862135027562,0.2828744705449534,0.23165105736040828,0.18522524180984723,0.16291988448587363,0.260251195014729,0.16722377909321717,0.13435157457848126,0.35358473010611047,0.3172568719172166,0.38645751021445524,1.0,0.19389059508705023,0.30593376965226193,0.15304939931526676,0.2581110266278865,0.17432289708916435,0.20421087785894482,0.25420453788427944,0.2831815433446863,0.22606597417456561,0.23723501006751105,0.21203364642461664,0.07436605347932948,0.1021772242292917,0.11818067323909573,0.08875195016501305,0.12411951832831045,0.1203660883996773,0.11628545345557578,0.08978326726354548,0.14937855069237901,0.07895364163007743,0.13158508245925613,0.12089033240815503,0.12580996981819928,0.11949707493057979,0.12939907987736662,0.09575979332818371,0.11452638251148127,0.10443564973034992,0.08955275995841232,0.13940458968095026,0.10900471306430744,0.09528818480941831,0.0670583738464309,0.09872645038375437,0.10244968968726334,0.07569066384677758
24,0.04391582696327244,0.0849045793026599,0.04951627415643973,0.07306227509071725,0.1254613654592791,0.1259128435828622,0.17185946701185037,0.11666295275635408,0.10414789441979638,0.2005316280749605,0.12878259388108554,0.05532727665436364,0.11635854071767607,0.09739876838736077,0.12419128976389032,0.20029631821073388,0.15683759076744797,0.14322663666797078,0.08533566677819943,0.10791339612810277,0.10717343900431253,0.17382625838711602,0.19389059508705023,1.0000000000000004,0.28952058683945814,0.10922357559092186,0.17758963602810449,0.11534479255489641,0.14833826413324394,0.1607791696509141,0.13883565467496994,0.11844921990251794,0.11169591192468273,0.07637406212539923,0.06203484971100237,0.06528448134296852,0.06923057250687213,0.06156010346699679,0.10846564572184869,0.07189758039880804,0.11510866026764598,0.06227147635681792,0.0796837255105083,0.04334449338580873,0.07527604153274856,0.05379644975062452,0.061586709573227,0.06445113326013663,0.0795089474859251,0.0779670880406991,0.0678442604458455,0.05777503945878917,0.044578148795525754,0.043995379413973065,0.044691098690125323,0.06639491694238012,0.04291495629510923,0.08960468425464842,0.024783991646210764,0.026820774652600705
25,0.09725860190548852,0.13144179733326256,0.09514905124098981,0.10276004814187183,0.13232363985557813,0.1571870647819546,0.1332156351768165,0.11697794374585659,0.12752786974664843,0.18566862880752638,0.18969313992394488,0.18868407689124478,0.2365528533035946,0.31518493117791413,0.2077463296437994,0.17329035951138275,0.21846981929991222,0.11427194627867898,0.12790918462863793,0.19664416091099526,0.18659848554957828,0.20316953756638442,0.30593376965226193,0.28952058683945814,0.9999999999999999,0.45490021439885653,0.2418050262755164,0.16384497291547928,0.17543006516672016,0.20526342361305977,0.24390517676699325,0.16414986017757605,0.2562244985278177,0.16855105035053852,0.09832272566022793,0.09792109404542808,0.09917297542682427,0.07890599763077372,0.10553409894578161,0.11421483054603097,0.14851356726153037,0.05238332456398058,0.10034667011777576,0.07619628609199514,0.12760817815096187,0.10907144490013404,0.10687787749600425,0.09368630564912649,0.11278892860023718,0.10552658606134088,0.11544633364486179,0.10022643412181821,0.06511515899651453,0.08464026926555458,0.07174634679776667,0.09588168719295835,0.06230703085345162,0.10956547366590122,0.0788233743040138,0.05640865832611246
26,0.05418365086749965,0.037957932964484825,0.05584863577363118,0.06891372776770674,0.09450099082521832,0.11038158908265418,0.14470246022429986,0.07694207196312575,0.09207586885616417,0.11399432684936749,0.10707518371897518,0.2700616651834919,0.22632264432157698,0.27459670544031145,0.21126387977200076,0.18273595261480924,0.17259681216991446,0.09303539270898567,0.08240065155533774,0.11481736273223675,0.08484431672624587,0.11600337430370189,0.15304939931526676,0.10922357559092186,0.45490021439885653,1.0000000000000007,0.18147722927974916,0.11732747471385505,0.15695052728417958,0.1925334696401084,0.11637325055413061,0.1302680024077267,0.15304533197208764,0.07022794100455418,0.0434538359406004,0.06662809324420059,0.054980053352195926,0.060143814368696764,0.09372609265022289,0.053027129667546,0.09817679307797307,0.05860736689080973,0.07052035316271227,0.061771230275580694,0.056063206965542484,0.061842500618818574,0.05555632521140562,0.07455371800878553,0.07665626361537813,0.06271141525290977,0.07536810629814619,0.07755790541844404,0.05703753255458915,0.0641343641479664,0.05890552350616211,0.07300653900586022,0.052672062868697384,0.05017962873566847,0.04778545662731234,0.06317894762824106
27,0.063554156286521,0.1006657003657907,0.13593274969246968,0.10785931490050014,0.0906216725767627,0.187317959466294,0.23036224595606264,0.193024108347768,0.3113777905539908,0.2912403713579411,0.21553431369294707,0.1755338988795379,0.19716761921136672,0.26903348073059064,0.26558385421659786,0.16613791166192388,0.2430588096220429,0.11054606289435777,0.16962758100154127,0.17498861744801913,0.15387101293758254,0.274709134023965,0.2581110266278865,0.17758963602810449,0.2418050262755164,0.18147722927974916,1.0,0.42208975486923533,0.2516611143345379,0.3449341849168365,0.3766583263162153,0.27380591056801373,0.32736839074029384,0.15622238326297647,0.07209420892514422,0.087598486944126,0.11428360208838445,0.102064184886696,0.19285438579633174,0.12242372016975792,0.10522929834085167,0.07158688307378974,0.09219896342369573,0.07885022312101707,0.0887131375369251,0.12675187201051757,0.15116181453894784,0.13396063133151942,0.13426741563076722,0.11085801359582127,0.09434529828806135,0.0944219232803592,0.07456052384694264,0.08615753822565722,0.08499785990162315,0.08095037262494258,0.03546175320446662,0.06694760187667274,0.041087760937075835,0.03457554196237295
28,0.04849595752740584,0.10927953988156648,0.08163716967349882,0.08334174479933651,0.10128390627284825,0.1342931460655589,0.14602763948851624,0.11765170995104329,0.18337016378693108,0.15065343009871357,0.1040542059538156,0.1368704848740464,0.15278756255753767,0.1817936132917995,0.2135965124734544,0.14071921759127623,0.17900796112950723,0.11436527860975292,0.12379774330957255,0.13888815655958525,0.11808611382203751,0.15406789555810002,0.17432289708916435,0.11534479255489641,0.16384497291547928,0.11732747471385505,0.42208975486923533,0.9999999999999999,0.17310383678216149,0.18587139293981753,0.2248524351735519,0.20124679982023222,0.24760704815168472,0.0984872163590172,0.0711517284447867,0.09605291743567398,0.09574623445943481,0.11983238660090494,0.180808475066006,0.09866034441735777,0.09991349720067237,0.09422793158638104,0.11772040508215967,0.06427351535036677,0.07689910104199657,0.08989466344179999,0.0958824961471241,0.1125110180260576,0.11069456173812892,0.1012659689223962,0.08913414351684182,0.0959437573720831,0.06924266191423045,0.09703858666042703,0.08988384866677615,0.10369137816309444,0.06786135893296195,0.05898282238491341,0.07448368846957111,0.06810970878062196
29,0.14929230629112197,0.09829633148768388,0.13755794922485992,0.16237189692463513,0.12777016620238735,0.16779368472992917,0.15949650261363935,0.11324114242346578,0.12991315890849092,0.19543422066293956,0.17831042893108184,0.1648059343108512,0.19406368699739454,0.19626773085993812,0.31903924003683437,0.20056970361202742,0.19467768078181424,0.16943191250484402,0.1333263674744689,0.1828218527946189,0.1809810852426068,0.20519548307419386,0.20421087785894482,0.14833826413324394,0.17543006516672016,0.15695052728417958,0.2516611143345379,0.17310383678216149,0.9999999999999999,0.356473980604158,0.22752783770275498,0.16729989349103894,0.21220331397638045,0.17862174311327703,0.0946789194563562,0.1681030291504691,0.17732981322289504,0.13745648585958836,0.16396706506337863,0.18893765581885422,0.1429063639705401,0.1322161425416336,0.1938143936177975,0.10601490028657662,0.08823328866639128,0.10498184774813893,0.08738196589694541,0.12848522821915398,0.17188154913913714,0.14163543615679644,0.11943418256422506,0.1574261134814735,0.14643936222673673,0.12751056343429054,0.0885253552533375,0.1133791054319048,0.07178119900254631,0.11633573123554902,0.0864399809492282,0.10180991703355073
30,0.08551139864755486,0.09130431404311953,0.1413817544854049,0.0702451148021886,0.13377618699783975,0.16648496416629444,0.1144999061150113,0.09770122709174806,0.12501579631736626,0.17116029161273466,0.1731470478299989,0.22791664909757345,0.25857876906530386,0.22641791037962375,0.26046315113881224,0.18255315159891325,0.24254656585316225,0.13508410250863684,0.15603777784565745,0.20648117912539937,0.17715460943137099,0.2166047174917052,0.25420453788427944,0.1607791696509141,0.20526342361305977,0.1925334696401084,0.3449341849168365,0.18587139293981753,0.356473980604158,0.9999999999999999,0.2996225494967112,0.1585879052253093,0.33224305655599373,0.17404133630486848,0.07086019066444929,0.12583635300948404,0.07233968082872025,0.07298991962996507,0.12011099356790073,0.08780561811696691,0.08965639516085162,0.07958041287836415,0.10639387872724368,0.08081899321759843,0.10238441947893817,0.11337257994205194,0.10614017992309788,0.09582901958265054,0.1255992501851157,0.11680831562361155,0.12059979944335258,0.10433846778516337,0.0734740522693522,0.08722191014493996,0.07445328114616476,0.0919571406953127,0.06289685554625202,0.08479144320027579,0.051110295958229496,0.04839773213616497
31,0.08474491609796053,0.11376425792712673,0.08142650156864811,0.12652506854417225,0.1270452683658005,0.16666052534550924,0.15495859111706062,0.13071561309846272,0.16976787268406596,0.20410278101407797,0.1562067785912819,0.19430068921959076,0.24432526299568272,0.25872713123114643,0.21830361075169172,0.1823271045222816,0.19557997820586337,0.12406517202577888,0.1339897221434978,0.18654681872771725,0.1769568407830619,0.16614290981237892,0.2831815433446863,0.13883565467496994,0.24390517676699325,0.11637325055413061,0.3766583263162153,0.2248524351735519,0.22752783770275498,0.2996225494967112,1.0,0.3796854084682223,0.33723558521701125,0.1370184043297789,0.11035223907653012,0.13018895891135296,0.0947199387453373,0.09674127043787989,0.12478654579420573,0.11405134892413946,0.10568864712992157,0.07316700983986081,0.09374105391766327,0.0790097355338328,0.11208713501989785,0.1669825594316932,0.19691672237005986,0.12956379145936814,0.11667943760243527,0.12351978855627109,0.1329295653140837,0.11989816922174161,0.07901416955314672,0.13407611144929052,0.14404277747335026,0.11404992771849819,0.07654251545820473,0.10767549330495046,0.09778330702120895,0.06630910360806504
32,0.07015053389653408,0.1172042423911357,0.11354997377032425,0.1466643047078799,0.19617620723853402,0.08892575219907152,0.24408535995618208,0.08547874387346097,0.08361208390256386,0.16985187951308336,0.14448680233053843,0.16352841910399826,0.20493647706056264,0.16011553205861367,0.20107441937148846,0.21445581946111,0.21925631272194723,0.09123477196616572,0.12053077901770258,0.17981035284974012,0.1514441394128931,0.16639181961249871,0.22606597417456561,0.11844921990251794,0.16414986017757605,0.1302680024077267,0.27380591056801373,0.20124679982023222,0.16729989349103894,0.1585879052253093,0.3796854084682223,1.0,0.4144635595561724,0.14035452554971312,0.08162075280493783,0.15788377133830017,0.14298151826364797,0.10135516863804811,0.14099147610438417,0.13070799145300319,0.08677854342823486,0.07907023554290034,0.13097551591275308,0.10281068066457139,0.070251388152517,0.09790094572000281,0.18199507810702695,0.19218580916388783,0.12358755500793361,0.1050060286364938,0.12198099229767272,0.12625532883478696,0.15252235152424767,0.22572612733475234,0.27794664453054346,0.12781033875601783,0.12399021821455772,0.15402640907855583,0.16963752528301762,0.19082100535848195
33,0.12401272512470998,0.12267318280806891,0.18222439052368025,0.15330537554685392,0.24833649274339958,0.17043311805087516,0.20678323255160036,0.09649662289778366,0.13721027142639042,0.21121380810107127,0.1762139684085799,0.32141057863292355,0.2866337599815164,0.2789032067085375,0.332121537323678,0.2535521346670882,0.28872120153538194,0.1023661708881454,0.17060170754084913,0.21866722795395638,0.21968740406855086,0.18931359872413767,0.23723501006751105,0.11169591192468273,0.2562244985278177,0.15304533197208764,0.32736839074029384,0.24760704815168472,0.21220331397638045,0.33224305655599373,0.33723558521701125,0.4144635595561724,1.0,0.32335095246798506,0.10522871552766089,0.16957721292530759,0.1504097990879688,0.12561321705673284,0.18671224767417052,0.13989279298920138,0.1697102674194531,0.1291589561572195,0.16140344346994098,0.17582498286595033,0.13195065729169747,0.1395174751364781,0.13236009239057012,0.15140632545780455,0.14092957076262272,0.14793904123745932,0.23095327793709616,0.17403828275018265,0.178084617592215,0.2142719236861965,0.2308715989212146,0.18192450590441686,0.1488986681855391,0.15598366006886566,0.16919273742629196,0.15618011926394024
