chunk_id,1,2,3,4,5,6,7,8,9,10,11,12,13,14,15,16,17,18,19,20,21,22,23,24,25,26,27,28,29,30,31,32,33,34,35,36,37,38,39,40,41,42,43,44,45,46,47,48,49,50,51,52,53,54,55,56,57,58,59,60
1,1.0,0.2704703400559889,0.2358405734364745,0.2300491866428174,0.16859171398394948,0.09435610678017174,0.058828517908265134,0.09180968629744894,0.07399465535934716,0.134513486048223,0.09652415941165302,0.20825949438182803,0.08684691181783685,0.07125198204531703,0.17710243300504747,0.11529680296509384,0.09657879107562636,0.05502689992143215,0.09028387471980658,0.07747822831659522,0.11656000034323673,0.09388199886682035,0.06385662861984977,0.04391582696327244,0.09725860190548853,0.054183650867499655,0.063554156286521,0.04849595752740584,0.149292306291122,0.08551139864755487,0.08474491609796055,0.07015053389653408,0.12401272512470998,0.256601013958863,0.25539366794839186,0.2912341093771482,0.329160412826468,0.11470543470973324,0.06632955742486699,0.10112430378558022,0.16071190599802254,0.08381076295368775,0.13012726690414333,0.13398501653006273,0.06559691152726532,0.08570768587651657,0.050437625005602754,0.06744332292027919,0.09255139569167553,0.10739188961101619,0.2053644032409549,0.1649089636434377,0.13309264388137546,0.14929293971943647,0.14362772614285052,0.13948327115721193,0.11950888566695379,0.24020886496437557,0.13607095031030458,0.14514267095034675
2,0.2704703400559889,0.9999999999999999,0.3180704960986903,0.2587020553790622,0.17784245455020006,0.12804613837914497,0.06024377334114347,0.09478992410375509,0.08121676552866318,0.1868583521847796,0.33203758796575844,0.11074155137469098,0.07037497788134489,0.08800359402275859,0.08184989409556004,0.11096339352103088,0.10038390563874709,0.08746048750944156,0.19561997227075587,0.13894176994437982,0.20917302530202944,0.10193521171968897,0.09419715651327722,0.08490457930265989,0.13144179733326253,0.037957932964484825,0.1006657003657907,0.10927953988156647,0.09829633148768388,0.09130431404311955,0.11376425792712672,0.1172042423911357,0.12267318280806891,0.16654268958243543,0.2597929787331393,0.32351633198023566,0.26103861269619877,0.11687941337033601,0.11148699169965993,0.1187566861534042,0.13531573749307346,0.12690580712066332,0.20638478358508375,0.12093704658819211,0.15810781336358354,0.13692402374926396,0.07692080012352828,0.08531853257734467,0.08770942181669852,0.11797246558406783,0.12143253912687296,0.10761707243943586,0.06388830387472888,0.07991427286907325,0.08199576480566963,0.14368653792479416,0.09495410073054854,0.1762846151256612,0.07931122020708321,0.03590100915711747
3,0.2358405734364745,0.3180704960986903,1.0,0.39488042860849804,0.2912609516621563,0.13493795657498153,0.10350868616011351,0.07917287800753685,0.10735146035730697,0.12941680641020492,0.1550583703785276,0.22261548703804052,0.11524609023830565,0.09449741994938608,0.08752402275744474,0.12064733774962569,0.10210857578771222,0.05870860274369942,0.144606699674389,0.1423021697860909,0.23113351933642162,0.11846318822871049,0.13013029920396504,0.04951627415643972,0.0951490512409898,0.05584863577363117,0.13593274969246966,0.08163716967349882,0.13755794922485995,0.1413817544854049,0.08142650156864811,0.11354997377032425,0.18222439052368025,0.28425598155991144,0.301695325781719,0.3721807191129311,0.34385253057612075,0.1117346184839357,0.10284645352821674,0.10344214081692105,0.13920369674333655,0.11068559367868261,0.17715584249187472,0.16234836001417985,0.1372237801858518,0.13869892685016288,0.08573495173094066,0.0690682261229371,0.15668178361141402,0.12087063557737801,0.17680191771005824,0.11694785753022652,0.09921755209723974,0.11866535780964249,0.08931311618586107,0.2010950276752659,0.18645354714899037,0.1855136060482283,0.13512376688708863,0.09230987137161684
4,0.2300491866428174,0.2587020553790622,0.39488042860849804,1.0000000000000002,0.3792682391285639,0.13865752776813214,0.1743081617686377,0.10834680195483057,0.08879718609208408,0.1399929265384925,0.13777634203933445,0.1414037736742678,0.06077804528215623,0.08911136317034904,0.17044256831757051,0.15153021083356846,0.16142748876468385,0.1196980628135686,0.15597175553924483,0.1582639689938404,0.19624521715144205,0.13663100425285074,0.12914430561501017,0.07306227509071725,0.10276004814187183,0.06891372776770674,0.10785931490050016,0.08334174479933652,0.16237189692463516,0.07024511480218862,0.12652506854417225,0.1466643047078799,0.15330537554685392,0.2418350990599663,0.2632637163776842,0.33363966341170187,0.3270289462219367,0.12229176357457046,0.12577615874413034,0.18206221039019244,0.15550435745637603,0.14857132022751643,0.21833050240582094,0.12940110375929195,0.12718021180701317,0.14433152547435715,0.08275300074181277,0.08234030871485772,0.19050420729748987,0.13601868225423833,0.14173113608200535,0.10894618986249269,0.08160963592876358,0.07879371850506119,0.09332949658540952,0.13614098310377773,0.11700880520300623,0.22780120767510117,0.09942629741339687,0.07122111674880463
5,0.16859171398394948,0.17784245455020006,0.2912609516621563,0.3792682391285639,1.0000000000000002,0.39171441199743234,0.31568986527185366,0.2045776971503109,0.10476341884553722,0.20667623139849525,0.1268336783280704,0.15879478128499752,0.13460761528056447,0.10526314871169423,0.18758157508079923,0.22972393482554496,0.16288138283404704,0.1078481801641634,0.1398628117927461,0.19546903371464355,0.16692531891761353,0.11114093728587579,0.12483522208764868,0.1254613654592791,0.13232363985557813,0.09450099082521832,0.0906216725767627,0.10128390627284828,0.12777016620238738,0.13377618699783983,0.1270452683658005,0.19617620723853402,0.24833649274339958,0.23386042218118847,0.20607129468869143,0.2592086496544495,0.2573451450633744,0.14218406073122083,0.14394942499633007,0.16151187913842618,0.14195391624315412,0.13841732831904918,0.2587296390522198,0.13591343834543787,0.10484816696148988,0.08503425407673705,0.09365401844218309,0.10238786354967323,0.19729911828666608,0.13683270129936417,0.1759521897344782,0.11873219227438334,0.10773092614420632,0.12485479034893031,0.111471291537049,0.17339249668646095,0.13018372431206304,0.18798749908144077,0.13385675907355699,0.1275254162377112
6,0.09435610678017174,0.12804613837914497,0.13493795657498153,0.13865752776813214,0.39171441199743234,1.0,0.43890785765375284,0.27784905715914454,0.29803327935506035,0.4169177778458472,0.30331129333585033,0.2163574465086008,0.2012502675197583,0.16219448449116847,0.18520781406021386,0.1554112442874673,0.15204307644896328,0.1206822063587787,0.13069239631676643,0.1385493896901151,0.1486749653733218,0.16154483570301342,0.12676508525727315,0.12591284358286217,0.15718706478195457,0.11038158908265416,0.18731795946629395,0.13429314606555892,0.16779368472992914,0.16648496416629444,0.16666052534550924,0.0889257521990715,0.17043311805087513,0.19412295401626609,0.11161671676893896,0.1426465351233996,0.12065131268704343,0.14281904875006,0.08641566562083158,0.12846934566492285,0.15858856344583178,0.09532612552747236,0.12027873259118042,0.08422324898741052,0.0822380456350694,0.0980171236894659,0.07164372308729694,0.07405403379546042,0.10996708954163185,0.1338241428626141,0.1538505324848596,0.11532005448931308,0.07112322640829352,0.08587196191985683,0.06850809607839425,0.11144031785438868,0.11034590857723343,0.09511031849361465,0.07080220085746922,0.060889657784470905
7,0.058828517908265134,0.06024377334114347,0.10350868616011351,0.1743081617686377,0.31568986527185366,0.43890785765375284,1.0000000000000002,0.16651657687103166,0.14484888183723996,0.31046223383066474,0.15596193513352705,0.1599380071960118,0.17161049743319315,0.14610325715648043,0.18218135433054558,0.26484388063073316,0.17513679137663263,0.23217765005602298,0.11746142662775777,0.19876412509092697,0.1207102584730574,0.17500180484631078,0.16503602499624348,0.17185946701185034,0.1332156351768165,0.14470246022429986,0.23036224595606264,0.14602763948851627,0.1594965026136394,0.11449990611501132,0.15495859111706065,0.24408535995618205,0.20678323255160036,0.11334164700094726,0.08033664860808358,0.1332647930426237,0.11301312863569345,0.08948704895848486,0.09650112708171409,0.09044054124485773,0.1257667438629616,0.05358893872120723,0.09533076397219928,0.06280757174979974,0.055889463626776444,0.062625552392402,0.10597705611160814,0.10468081900740658,0.0907364831644651,0.08171510676824423,0.08234008712085361,0.1063225982783223,0.12519852238723966,0.10158983599088114,0.1748693729052247,0.09421954837424769,0.0879458106875192,0.0893373266060881,0.0830065108321522,0.13853297617286828
8,0.09180968629744894,0.09478992410375509,0.07917287800753685,0.10834680195483057,0.2045776971503109,0.27784905715914454,0.16651657687103166,1.0000000000000004,0.5131216824402888,0.2778313115986398,0.16292349667794936,0.0669204727087525,0.06819827135412837,0.07004776761562104,0.10851045663424577,0.12430338733735295,0.18847322393049154,0.11651367832941187,0.10635756069193406,0.11235508316416139,0.12190220654117244,0.14657487771309924,0.10703104479986013,0.11666295275635408,0.11697794374585659,0.07694207196312576,0.19302410834776795,0.11765170995104329,0.1132411424234658,0.09770122709174806,0.1307156130984627,0.08547874387346097,0.09649662289778367,0.12194386933144284,0.05017742088575421,0.07953781161239636,0.07543902966427055,0.05758107987717845,0.0732299234210891,0.0804515860788577,0.09267406478239684,0.05797746461579775,0.08176987752144056,0.05540666688474321,0.0631588844144812,0.08290486058914114,0.06741595759374429,0.05810971125896929,0.06538837957214466,0.0880787216921413,0.09840162806371382,0.07141678301843585,0.053380095895560586,0.052714090996270335,0.048746389775621096,0.06301583599862647,0.03609369578793169,0.07481014850549195,0.04102725736204199,0.022249881768864128
9,0.07399465535934716,0.08121676552866318,0.10735146035730697,0.08879718609208408,0.10476341884553722,0.29803327935506035,0.14484888183723996,0.5131216824402888,1.0000000000000004,0.4330713018785791,0.22885891280885987,0.07482657261128389,0.08103510436769282,0.07730340634022331,0.0980083517921403,0.10526048782225429,0.1273803051232614,0.10273150968816464,0.121290463401389,0.12737906751370767,0.11627943565093021,0.1628303875154587,0.11388920974830002,0.10414789441979636,0.1275278697466484,0.09207586885616417,0.3113777905539908,0.1833701637869311,0.12991315890849092,0.12501579631736628,0.16976787268406598,0.08361208390256386,0.1372102714263904,0.1475114572006923,0.04867439784207516,0.08023574795297063,0.08320222914899025,0.07152644886910578,0.07343923048249976,0.08323780180197377,0.11831671864616654,0.08569626480196664,0.10578563207875566,0.06206197960830091,0.08338277842596176,0.10404194251527224,0.0961362902254641,0.07987614916837679,0.08936983923054515,0.09944229963169036,0.10910576947506587,0.07787466372858161,0.07157492784892353,0.06641863009340705,0.04851098328255868,0.07572122135995998,0.0362782163104733,0.0666011347339295,0.03142245944977889,0.028724200603289056
10,0.134513486048223,0.1868583521847796,0.12941680641020492,0.1399929265384925,0.20667623139849525,0.4169177778458472,0.31046223383066474,0.2778313115986398,0.4330713018785791,0.9999999999999998,0.4207429401007892,0.14932934507549658,0.1430570131337324,0.13034383309423225,0.1667248812519895,0.254349889351865,0.21120821262500974,0.18531226285759944,0.14172018169383507,0.18380495342558556,0.16950631617826167,0.21877357933363478,0.15665439635492903,0.20053162807496047,0.18566862880752644,0.11399432684936749,0.2912403713579411,0.1506534300987136,0.19543422066293956,0.17116029161273466,0.20410278101407794,0.16985187951308334,0.2112138081010713,0.15173563519777,0.09181762529694301,0.14110364696253203,0.16306087430624802,0.1022870580504947,0.10582696468438904,0.17286229778519088,0.1599782077586635,0.09954845788140505,0.15458108861126268,0.08221701569152695,0.09630463055130377,0.1259776307604805,0.12428176021618781,0.11654950818082686,0.10457120963647223,0.1493366770374671,0.1500509820507932,0.13559828119706172,0.1140699705040889,0.060656443824718895,0.09449118927062797,0.13898697244829492,0.08996295210655435,0.14219843621843767,0.05583789005540813,0.06004898992732207
11,0.09652415941165302,0.33203758796575844,0.1550583703785276,0.13777634203933445,0.1268336783280704,0.30331129333585033,0.15596193513352705,0.16292349667794936,0.22885891280885987,0.4207429401007892,1.0,0.16522151262740523,0.11829869085955064,0.10523889068143871,0.1301283029459612,0.180818918795754,0.14488679415576267,0.12699606967554383,0.29360043501469396,0.15143981653127916,0.20831353718984275,0.1708680863088574,0.12841384627038635,0.12878259388108554,0.18969313992394488,0.10707518371897518,0.21553431369294707,0.10405420595381562,0.17831042893108184,0.1731470478299989,0.1562067785912819,0.14448680233053846,0.17621396840857992,0.14764105188012566,0.09889365254807624,0.15254713700759218,0.1808001026280586,0.12241042104220229,0.10038148556118162,0.12910445672029344,0.14224687770365949,0.10593608763496733,0.19334604576024894,0.13237897008959731,0.15447980409994014,0.10933394079142084,0.10237807774829624,0.10912255395355078,0.11180403990414868,0.14500047812678749,0.16242722049150965,0.1452483909020685,0.10023406059764738,0.06900340788343608,0.06397056100041021,0.15108095670556917,0.09776977874548852,0.13849801432432646,0.046922363642950854,0.06858486269007592
12,0.20825949438182803,0.11074155137469098,0.22261548703804052,0.1414037736742678,0.15879478128499752,0.2163574465086008,0.1599380071960118,0.0669204727087525,0.07482657261128389,0.14932934507549658,0.16522151262740523,1.0000000000000004,0.4914352131264992,0.2562793778636092,0.312653998873911,0.257849340255443,0.20907537250785463,0.11019430769172259,0.28690776951504143,0.12792764592715614,0.19342463125405165,0.11565950609553344,0.1742586213502756,0.055327276654363634,0.18868407689124478,0.2700616651834919,0.1755338988795379,0.13687048487404643,0.1648059343108512,0.22791664909757348,0.1943006892195908,0.16352841910399826,0.32141057863292355,0.26517106480267655,0.14242360395056114,0.1939470635279144,0.21624947576983158,0.0949655040690415,0.062380157102013785,0.08078250928561381,0.15668450100919235,0.06630913747024403,0.11181690114611748,0.13271730758807915,0.09736480940899547,0.11009665501866098,0.08888392074261253,0.10253877053523829,0.13329391685002007,0.10609029548014831,0.1681842628974633,0.18966689719568203,0.1289449752253522,0.17096377902198942,0.18411177164358938,0.18471038454472652,0.17146925884067285,0.21115509764344312,0.16580935624370052,0.1642911842128406
13,0.08684691181783685,0.07037497788134489,0.11524609023830565,0.06077804528215623,0.13460761528056447,0.2012502675197583,0.17161049743319315,0.06819827135412837,0.08103510436769282,0.1430570131337324,0.11829869085955064,0.4914352131264992,1.0000000000000002,0.2481066778449929,0.2594736539898347,0.22415602796568868,0.2884750416288372,0.10478688946099407,0.17780550361670916,0.14262097126565776,0.14316744218121766,0.16529578413488452,0.2828744705449534,0.11635854071767603,0.23655285330359463,0.22632264432157698,0.19716761921136672,0.15278756255753767,0.19406368699739454,0.2585787690653039,0.2443252629956827,0.20493647706056262,0.28663375998151647,0.1450581080215175,0.07399912976810924,0.08468050851648207,0.09501507417540625,0.07744201163549529,0.11542745504383246,0.09017947965022399,0.06599050712589385,0.05613667581721817,0.09204190497532712,0.06564141111528979,0.07636052660566672,0.07510823364991652,0.09576393721570439,0.0942559168051795,0.07486166002357583,0.0927387148872801,0.09733563074368301,0.10245928163738259,0.07610768469568865,0.1361472266489068,0.14333757110162218,0.1097912291081133,0.11157266394526542,0.1131842230617775,0.11610419286847398,0.09202086979204861
14,0.07125198204531703,0.08800359402275859,0.09449741994938608,0.08911136317034904,0.10526314871169423,0.16219448449116847,0.14610325715648043,0.07004776761562104,0.07730340634022331,0.13034383309423225,0.10523889068143871,0.2562793778636092,0.2481066778449929,0.9999999999999998,0.3920081428693583,0.1389280462232894,0.15096699497989038,0.09303036027928836,0.10648241801252092,0.186504104197512,0.11663912469435102,0.13878859440498437,0.23165105736040825,0.09739876838736074,0.31518493117791413,0.2745967054403114,0.26903348073059064,0.18179361329179952,0.1962677308599381,0.22641791037962372,0.25872713123114643,0.16011553205861367,0.2789032067085375,0.14292183091880645,0.11439625155975845,0.06439658614242763,0.09794605824578706,0.08136694343805276,0.08756616333666326,0.10139389140981138,0.1558284209937063,0.07596885683199192,0.09304811669027079,0.058835918052940736,0.08687661082170531,0.10984611308518576,0.09085526209107714,0.0827014617192202,0.14354138622135953,0.09208956132475764,0.05838712086649446,0.10511000634633318,0.08106053459174016,0.11039614548537531,0.08905734578882014,0.07692643118642017,0.06736373125976972,0.13141212012107556,0.06757701479018449,0.06339156538357378
15,0.17710243300504747,0.08184989409556004,0.08752402275744474,0.17044256831757051,0.18758157508079923,0.18520781406021386,0.18218135433054558,0.10851045663424577,0.0980083517921403,0.1667248812519895,0.1301283029459612,0.312653998873911,0.2594736539898347,0.3920081428693583,0.9999999999999998,0.38221748416360407,0.3096682347578218,0.20679829046177184,0.15802391088599146,0.15824191072302535,0.13218299898463104,0.17746663504201232,0.18522524180984717,0.12419128976389031,0.20774632964379938,0.21126387977200078,0.26558385421659786,0.21359651247345443,0.31903924003683437,0.2604631511388123,0.2183036107516917,0.20107441937148846,0.332121537323678,0.1786308889987643,0.10352561892840094,0.15017445863222548,0.17980110824325368,0.15313757527151006,0.13806436481206572,0.11382813270483325,0.1711606022098179,0.13473539952769006,0.17790462089783068,0.11475699281156534,0.07908827075407987,0.09156745369889434,0.09973627859822655,0.12620683074443645,0.10754623254761983,0.12149880735972843,0.14589476910259014,0.15369402296041107,0.16255806155036262,0.152905088035591,0.16379448920803763,0.13443655586246614,0.09526514014351886,0.16529940954815212,0.14720869733968034,0.19429201451747347
16,0.11529680296509384,0.11096339352103088,0.12064733774962569,0.15153021083356846,0.22972393482554496,0.1554112442874673,0.26484388063073316,0.12430338733735295,0.10526048782225429,0.254349889351865,0.180818918795754,0.257849340255443,0.22415602796568868,0.1389280462232894,0.38221748416360407,0.9999999999999998,0.3979576141428479,0.32310354600337166,0.12958628709604295,0.14089141402150301,0.1516508905592909,0.17688247550698263,0.16291988448587363,0.20029631821073388,0.17329035951138272,0.18273595261480927,0.16613791166192388,0.14071921759127623,0.20056970361202742,0.1825531515989133,0.18232710452228157,0.21445581946111,0.2535521346670882,0.13866584815733893,0.0898508932718141,0.11560196536764705,0.1537252788097973,0.10221220631802921,0.08939971456294613,0.09287204463188879,0.11480246990059312,0.06377834496200716,0.10177445160998355,0.08959743992485387,0.10754743521877008,0.09329990303947669,0.1354617961260319,0.11961842069511235,0.10203413863689803,0.1003043780760684,0.17567329821355784,0.14883076302823084,0.11916585753060115,0.15773795858325493,0.1818466123350007,0.13852212768266653,0.15668449572145982,0.18868390581059713,0.11691537096215235,0.11406964972687035
17,0.09657879107562636,0.10038390563874709,0.10210857578771222,0.16142748876468385,0.16288138283404704,0.15204307644896328,0.17513679137663263,0.18847322393049154,0.1273803051232614,0.21120821262500974,0.14488679415576267,0.20907537250785463,0.2884750416288372,0.15096699497989038,0.3096682347578218,0.3979576141428479,1.0,0.33877752299225017,0.2648291972549275,0.2024542695955942,0.19140728581551567,0.1846026993907845,0.260251195014729,0.156837590767448,0.2184698192999122,0.17259681216991446,0.2430588096220429,0.1790079611295073,0.19467768078181424,0.2425465658531623,0.19557997820586337,0.21925631272194718,0.288721201535382,0.12250379852109533,0.07791353323346215,0.1280948528830634,0.10040950609160261,0.12185783719382322,0.1439956595658023,0.1271815261808205,0.13645754218521727,0.07955592758941957,0.1067596882410176,0.12558388824227762,0.10787650530791447,0.0798965119693464,0.11218526300284147,0.11204134451395029,0.12111072522050266,0.10726932819873092,0.12162980835199547,0.0986377742188696,0.06798399751943376,0.11734160666754041,0.12403013883005129,0.1404286216282036,0.06589984364870079,0.1389043003513998,0.08766008688872656,0.05982870624024783
18,0.05502689992143215,0.08746048750944156,0.05870860274369942,0.1196980628135686,0.1078481801641634,0.1206822063587787,0.23217765005602298,0.11651367832941187,0.10273150968816464,0.18531226285759944,0.12699606967554383,0.11019430769172259,0.10478688946099407,0.09303036027928836,0.20679829046177184,0.32310354600337166,0.33877752299225017,1.0000000000000002,0.19208106614993198,0.2503812478697479,0.16907911893266292,0.15223871510052417,0.1672237790932172,0.14322663666797075,0.11427194627867898,0.09303539270898567,0.11054606289435778,0.11436527860975293,0.16943191250484402,0.13508410250863687,0.12406517202577888,0.09123477196616571,0.10236617088814541,0.07788537606119265,0.20240811158266356,0.08447545706166476,0.08738265433891133,0.08618116970087267,0.07754032345586558,0.10180303622465417,0.1096893578514726,0.08318900906614399,0.07931552004873402,0.062296791956283834,0.05587346970939045,0.06760729369345729,0.07713775007616677,0.0606239143515495,0.08772015794051852,0.07832105476804606,0.08924578438042273,0.0867456379573693,0.05792263107914193,0.049968824708743365,0.056780075233261236,0.08616665815440885,0.05609892392782722,0.10672314025587874,0.04661364149197454,0.04246090395194376
19,0.09028387471980658,0.19561997227075587,0.144606699674389,0.15597175553924483,0.1398628117927461,0.13069239631676643,0.11746142662775777,0.10635756069193406,0.121290463401389,0.14172018169383507,0.29360043501469396,0.28690776951504143,0.17780550361670916,0.10648241801252092,0.15802391088599146,0.12958628709604295,0.2648291972549275,0.19208106614993198,0.9999999999999998,0.3430863902773664,0.37753265087895205,0.14304661932654975,0.13435157457848124,0.08533566677819943,0.12790918462863796,0.08240065155533774,0.16962758100154124,0.12379774330957258,0.1333263674744689,0.15603777784565748,0.1339897221434978,0.12053077901770257,0.17060170754084916,0.14424423862484934,0.06287838428030466,0.09654352651517036,0.17087855825390097,0.09273546991332432,0.0836047321322671,0.08767263159561252,0.1507001985513277,0.11797043211973876,0.18359344123951143,0.10403285153120956,0.15589690456483135,0.09044829350536455,0.10049224513862999,0.0869367467876376,0.1267869101624648,0.10066300515970542,0.11829091834239769,0.15119669005796046,0.09207178068923366,0.09344427946857178,0.07391536367037184,0.12764792431780225,0.07403196385620806,0.12668365609234802,0.0574293981224684,0.037692878309314136
20,0.07747822831659522,0.13894176994437982,0.1423021697860909,0.1582639689938404,0.19546903371464355,0.1385493896901151,0.19876412509092697,0.11235508316416139,0.12737906751370767,0.18380495342558556,0.15143981653127916,0.12792764592715614,0.14262097126565776,0.186504104197512,0.15824191072302535,0.14089141402150301,0.2024542695955942,0.2503812478697479,0.3430863902773664,1.0000000000000004,0.4785270159135482,0.22264867762701523,0.35358473010611047,0.10791339612810277,0.19664416091099526,0.11481736273223678,0.17498861744801913,0.13888815655958525,0.1828218527946189,0.20648117912539943,0.18654681872771725,0.1798103528497401,0.21866722795395638,0.24147930141362875,0.07455343197914749,0.15225751880723928,0.11441500585599595,0.06009130469227869,0.11679720568454717,0.0975192402561646,0.11763143638186759,0.08699839686689238,0.1359940791039089,0.09332549628692036,0.09382848867846115,0.08872048486867477,0.11269583702406918,0.10404031432735907,0.11699044279043055,0.11631110863155844,0.10771800983882784,0.12526998647056653,0.07179800134339002,0.09046234553728506,0.05718825318575155,0.0892060118577961,0.05549155511983778,0.0874242885266446,0.042339203735300625,0.0296462338980912
21,0.11656000034323673,0.20917302530202944,0.23113351933642162,0.19624521715144205,0.16692531891761353,0.1486749653733218,0.1207102584730574,0.12190220654117244,0.11627943565093021,0.16950631617826167,0.20831353718984275,0.19342463125405165,0.14316744218121766,0.11663912469435102,0.13218299898463104,0.1516508905592909,0.19140728581551567,0.16907911893266292,0.37753265087895205,0.4785270159135482,0.9999999999999998,0.27293727564175385,0.3172568719172165,0.1071734390043125,0.18659848554957828,0.08484431672624587,0.15387101293758257,0.11808611382203756,0.1809810852426068,0.17715460943137099,0.1769568407830619,0.1514441394128931,0.2196874040685509,0.2330148696198796,0.12039217424090942,0.18303371270002425,0.1952058185592071,0.10234873409346956,0.12100869578547543,0.11615483640613472,0.1552746160079228,0.10194262753305275,0.21504173318391384,0.12366238147903277,0.19231146124001422,0.14059794852030613,0.10626604151115437,0.11604678330077767,0.16221871301213237,0.16970198329670633,0.1443492992445075,0.15827083841519676,0.08298585572448655,0.12316499668011463,0.10765754778943949,0.1843217041127946,0.1010033081618301,0.1405766253548254,0.09775970282797952,0.06970468488664851
22,0.09388199886682035,0.10193521171968897,0.11846318822871049,0.13663100425285074,0.11114093728587579,0.16154483570301342,0.17500180484631078,0.14657487771309924,0.1628303875154587,0.21877357933363478,0.1708680863088574,0.11565950609553344,0.16529578413488452,0.13878859440498437,0.17746663504201232,0.17688247550698263,0.1846026993907845,0.15223871510052417,0.14304661932654975,0.22264867762701523,0.27293727564175385,1.0,0.3864575102144553,0.17382625838711604,0.20316953756638442,0.1160033743037019,0.2747091340239651,0.15406789555810005,0.20519548307419386,0.21660471749170526,0.16614290981237892,0.16639181961249874,0.18931359872413767,0.1397195613458661,0.09719438851276328,0.09975759030443038,0.11384193415610325,0.10644763253442055,0.14927500643999178,0.14532423453315665,0.1425110691594461,0.09100646534608675,0.13132558885420992,0.11935362629737505,0.13753765025455528,0.11133387007509242,0.09133161077529836,0.11139256990327154,0.11858869925462623,0.12046312017777583,0.11468616407363982,0.13321317443736708,0.11282593044961009,0.1052469820374042,0.05720949123461623,0.10082642609256545,0.053306639672397765,0.10270561828864902,0.06102633542188319,0.07871871347952175
23,0.06385662861984977,0.09419715651327722,0.13013029920396504,0.12914430561501017,0.12483522208764868,0.12676508525727315,0.16503602499624348,0.10703104479986013,0.11388920974830002,0.15665439635492903,0.12841384627038635,0.1742586213502756,0.2828744705449534,0.23165105736040825,0.18522524180984717,0.16291988448587363,0.260251195014729,0.1672237790932172,0.13435157457848124,0.35358473010611047,0.3172568719172165,0.3864575102144553,0.9999999999999999,0.1938905950870502,0.30593376965226193,0.15304939931526676,0.25811102662788643,0.17432289708916435,0.20421087785894482,0.2542045378842795,0.28318154334468626,0.2260659741745656,0.23723501006751105,0.21203364642461664,0.07436605347932947,0.10217722422929171,0.1181806732390957,0.08875195016501305,0.12411951832831045,0.12036608839967729,0.11628545345557581,0.08978326726354546,0.149378550692379,0.07895364163007741,0.13158508245925615,0.12089033240815503,0.12580996981819925,0.11949707493057976,0.12939907987736665,0.09575979332818371,0.11452638251148128,0.10443564973034991,0.0895527599584123,0.13940458968095026,0.10900471306430745,0.09528818480941831,0.06705837384643092,0.09872645038375437,0.10244968968726333,0.07569066384677758
24,0.04391582696327244,0.08490457930265989,0.04951627415643972,0.07306227509071725,0.1254613654592791,0.12591284358286217,0.17185946701185034,0.11666295275635408,0.10414789441979636,0.20053162807496047,0.12878259388108554,0.055327276654363634,0.11635854071767603,0.09739876838736074,0.12419128976389031,0.20029631821073388,0.156837590767448,0.14322663666797075,0.08533566677819943,0.10791339612810277,0.1071734390043125,0.17382625838711604,0.1938905950870502,1.0,0.28952058683945814,0.10922357559092188,0.17758963602810443,0.11534479255489641,0.14833826413324394,0.16077916965091413,0.13883565467496994,0.11844921990251792,0.11169591192468271,0.07637406212539921,0.062034849711002364,0.06528448134296849,0.06923057250687212,0.061560103466996786,0.10846564572184868,0.07189758039880803,0.11510866026764599,0.06227147635681792,0.07968372551050829,0.04334449338580873,0.07527604153274856,0.053796449750624524,0.061586709573227,0.0644511332601366,0.07950894748592512,0.07796708804069909,0.06784426044584549,0.05777503945878916,0.04457814879552575,0.043995379413973065,0.04469109869012531,0.06639491694238009,0.04291495629510924,0.08960468425464839,0.024783991646210764,0.026820774652600698
25,0.09725860190548853,0.13144179733326253,0.0951490512409898,0.10276004814187183,0.13232363985557813,0.15718706478195457,0.1332156351768165,0.11697794374585659,0.1275278697466484,0.18566862880752644,0.18969313992394488,0.18868407689124478,0.23655285330359463,0.31518493117791413,0.20774632964379938,0.17329035951138272,0.2184698192999122,0.11427194627867898,0.12790918462863796,0.19664416091099526,0.18659848554957828,0.20316953756638442,0.30593376965226193,0.28952058683945814,1.0,0.4549002143988566,0.24180502627551637,0.16384497291547928,0.1754300651667202,0.20526342361305983,0.24390517676699325,0.16414986017757605,0.2562244985278177,0.16855105035053852,0.09832272566022794,0.09792109404542808,0.09917297542682427,0.0789059976307737,0.10553409894578161,0.11421483054603097,0.14851356726153042,0.05238332456398059,0.10034667011777575,0.07619628609199514,0.12760817815096193,0.10907144490013407,0.10687787749600425,0.09368630564912649,0.11278892860023718,0.10552658606134085,0.11544633364486181,0.1002264341218182,0.06511515899651453,0.08464026926555458,0.07174634679776669,0.09588168719295835,0.06230703085345164,0.1095654736659012,0.0788233743040138,0.05640865832611245
26,0.054183650867499655,0.037957932964484825,0.05584863577363117,0.06891372776770674,0.09450099082521832,0.11038158908265416,0.14470246022429986,0.07694207196312576,0.09207586885616417,0.11399432684936749,0.10707518371897518,0.2700616651834919,0.22632264432157698,0.2745967054403114,0.21126387977200078,0.18273595261480927,0.17259681216991446,0.09303539270898567,0.08240065155533774,0.11481736273223678,0.08484431672624587,0.1160033743037019,0.15304939931526676,0.10922357559092188,0.4549002143988566,1.0000000000000004,0.18147722927974913,0.11732747471385509,0.1569505272841796,0.19253346964010848,0.11637325055413061,0.13026800240772674,0.15304533197208764,0.07022794100455418,0.0434538359406004,0.06662809324420058,0.05498005335219592,0.060143814368696764,0.09372609265022289,0.053027129667546,0.09817679307797308,0.05860736689080973,0.07052035316271228,0.061771230275580694,0.0560632069655425,0.061842500618818574,0.05555632521140562,0.07455371800878553,0.07665626361537813,0.06271141525290978,0.07536810629814619,0.07755790541844404,0.057037532554589154,0.06413436414796642,0.0589055235061621,0.07300653900586022,0.0526720628686974,0.05017962873566848,0.04778545662731234,0.06317894762824106
27,0.063554156286521,0.1006657003657907,0.13593274969246966,0.10785931490050016,0.0906216725767627,0.18731795946629395,0.23036224595606264,0.19302410834776795,0.3113777905539908,0.2912403713579411,0.21553431369294707,0.1755338988795379,0.19716761921136672,0.26903348073059064,0.26558385421659786,0.16613791166192388,0.2430588096220429,0.11054606289435778,0.16962758100154124,0.17498861744801913,0.15387101293758257,0.2747091340239651,0.25811102662788643,0.17758963602810443,0.24180502627551637,0.18147722927974913,0.9999999999999999,0.4220897548692353,0.25166111433453797,0.3449341849168365,0.3766583263162153,0.2738059105680137,0.3273683907402938,0.15622238326297644,0.07209420892514423,0.08759848694412598,0.11428360208838444,0.102064184886696,0.1928543857963317,0.12242372016975792,0.10522929834085167,0.07158688307378974,0.09219896342369571,0.07885022312101705,0.0887131375369251,0.1267518720105176,0.15116181453894784,0.1339606313315194,0.1342674156307672,0.11085801359582126,0.09434529828806136,0.0944219232803592,0.07456052384694264,0.08615753822565722,0.08499785990162313,0.08095037262494256,0.03546175320446662,0.06694760187667277,0.041087760937075835,0.034575541962372947
28,0.04849595752740584,0.10927953988156647,0.08163716967349882,0.08334174479933652,0.10128390627284828,0.13429314606555892,0.14602763948851627,0.11765170995104329,0.1833701637869311,0.1506534300987136,0.10405420595381562,0.13687048487404643,0.15278756255753767,0.18179361329179952,0.21359651247345443,0.14071921759127623,0.1790079611295073,0.11436527860975293,0.12379774330957258,0.13888815655958525,0.11808611382203756,0.15406789555810005,0.17432289708916435,0.11534479255489641,0.16384497291547928,0.11732747471385509,0.4220897548692353,1.0000000000000004,0.1731038367821615,0.1858713929398176,0.2248524351735519,0.20124679982023225,0.24760704815168483,0.09848721635901722,0.07115172844478672,0.096052917435674,0.0957462344594348,0.11983238660090495,0.18080847506600603,0.09866034441735777,0.09991349720067239,0.09422793158638104,0.11772040508215967,0.06427351535036677,0.07689910104199658,0.0898946634418,0.0958824961471241,0.11251101802605762,0.11069456173812894,0.10126596892239621,0.08913414351684182,0.09594375737208313,0.06924266191423047,0.09703858666042703,0.08988384866677616,0.10369137816309446,0.06786135893296197,0.05898282238491341,0.07448368846957111,0.06810970878062197
29,0.149292306291122,0.09829633148768388,0.13755794922485995,0.16237189692463516,0.12777016620238738,0.16779368472992914,0.1594965026136394,0.1132411424234658,0.12991315890849092,0.19543422066293956,0.17831042893108184,0.1648059343108512,0.19406368699739454,0.1962677308599381,0.31903924003683437,0.20056970361202742,0.19467768078181424,0.16943191250484402,0.1333263674744689,0.1828218527946189,0.1809810852426068,0.20519548307419386,0.20421087785894482,0.14833826413324394,0.1754300651667202,0.1569505272841796,0.25166111433453797,0.1731038367821615,0.9999999999999998,0.356473980604158,0.22752783770275498,0.16729989349103894,0.21220331397638048,0.17862174311327705,0.0946789194563562,0.16810302915046907,0.17732981322289504,0.13745648585958836,0.16396706506337866,0.18893765581885422,0.14290636397054013,0.13221614254163364,0.1938143936177975,0.10601490028657662,0.08823328866639132,0.10498184774813894,0.08738196589694543,0.12848522821915398,0.17188154913913714,0.14163543615679644,0.11943418256422507,0.15742611348147353,0.14643936222673676,0.12751056343429054,0.08852535525333749,0.1133791054319048,0.07178119900254633,0.11633573123554902,0.08643998094922818,0.10180991703355075
30,0.08551139864755487,0.09130431404311955,0.1413817544854049,0.07024511480218862,0.13377618699783983,0.16648496416629444,0.11449990611501132,0.09770122709174806,0.12501579631736628,0.17116029161273466,0.1731470478299989,0.22791664909757348,0.2585787690653039,0.22641791037962372,0.2604631511388123,0.1825531515989133,0.2425465658531623,0.13508410250863687,0.15603777784565748,0.20648117912539943,0.17715460943137099,0.21660471749170526,0.2542045378842795,0.16077916965091413,0.20526342361305983,0.19253346964010848,0.3449341849168365,0.1858713929398176,0.356473980604158,1.0,0.29962254949671124,0.15858790522530936,0.3322430565559938,0.1740413363048685,0.07086019066444929,0.12583635300948404,0.07233968082872026,0.07298991962996507,0.12011099356790073,0.08780561811696694,0.08965639516085164,0.07958041287836418,0.10639387872724371,0.08081899321759843,0.1023844194789382,0.11337257994205197,0.10614017992309792,0.09582901958265057,0.12559925018511572,0.11680831562361155,0.12059979944335264,0.10433846778516338,0.07347405226935222,0.08722191014493999,0.07445328114616477,0.09195714069531272,0.06289685554625203,0.08479144320027578,0.0511102959582295,0.04839773213616497
31,0.08474491609796055,0.11376425792712672,0.08142650156864811,0.12652506854417225,0.1270452683658005,0.16666052534550924,0.15495859111706065,0.1307156130984627,0.16976787268406598,0.20410278101407794,0.1562067785912819,0.1943006892195908,0.2443252629956827,0.25872713123114643,0.2183036107516917,0.18232710452228157,0.19557997820586337,0.12406517202577888,0.1339897221434978,0.18654681872771725,0.1769568407830619,0.16614290981237892,0.28318154334468626,0.13883565467496994,0.24390517676699325,0.11637325055413061,0.3766583263162153,0.2248524351735519,0.22752783770275498,0.29962254949671124,0.9999999999999998,0.3796854084682222,0.33723558521701125,0.1370184043297789,0.11035223907653012,0.13018895891135296,0.0947199387453373,0.09674127043787989,0.12478654579420573,0.11405134892413946,0.10568864712992157,0.07316700983986082,0.09374105391766327,0.0790097355338328,0.11208713501989787,0.16698255943169318,0.19691672237005986,0.12956379145936814,0.11667943760243528,0.12351978855627109,0.13292956531408368,0.11989816922174162,0.07901416955314672,0.13407611144929052,0.1440427774733503,0.1140499277184982,0.07654251545820474,0.10767549330495048,0.09778330702120895,0.06630910360806504
32,0.07015053389653408,0.1172042423911357,0.11354997377032425,0.1466643047078799,0.19617620723853402,0.0889257521990715,0.24408535995618205,0.08547874387346097,0.08361208390256386,0.16985187951308334,0.14448680233053846,0.16352841910399826,0.20493647706056262,0.16011553205861367,0.20107441937148846,0.21445581946111,0.21925631272194718,0.09123477196616571,0.12053077901770257,0.1798103528497401,0.1514441394128931,0.16639181961249874,0.2260659741745656,0.11844921990251792,0.16414986017757605,0.13026800240772674,0.2738059105680137,0.20124679982023225,0.16729989349103894,0.15858790522530936,0.3796854084682222,1.0,0.4144635595561724,0.14035452554971312,0.08162075280493783,0.15788377133830017,0.14298151826364797,0.10135516863804812,0.14099147610438417,0.13070799145300319,0.08677854342823486,0.07907023554290037,0.13097551591275308,0.10281068066457139,0.07025138815251702,0.09790094572000284,0.18199507810702698,0.19218580916388783,0.1235875550079336,0.1050060286364938,0.12198099229767272,0.126255328834787,0.1525223515242477,0.2257261273347524,0.27794664453054346,0.12781033875601785,0.12399021821455772,0.15402640907855583,0.16963752528301762,0.1908210053584819
33,0.12401272512470998,0.12267318280806891,0.18222439052368025,0.15330537554685392,0.24833649274339958,0.17043311805087513,0.20678323255160036,0.09649662289778367,0.1372102714263904,0.2112138081010713,0.17621396840857992,0.32141057863292355,0.28663375998151647,0.2789032067085375,0.332121537323678,0.2535521346670882,0.288721201535382,0.10236617088814541,0.17060170754084916,0.21866722795395638,0.2196874040685509,0.18931359872413767,0.23723501006751105,0.11169591192468271,0.2562244985278177,0.15304533197208764,0.3273683907402938,0.24760704815168483,0.21220331397638048,0.3322430565559938,0.33723558521701125,0.4144635595561724,1.0,0.323350952467985,0.1052287155276609,0.16957721292530756,0.15040979908796878,0.12561321705673287,0.18671224767417055,0.1398927929892014,0.16971026741945314,0.12915895615721953,0.16140344346994098,0.17582498286595033,0.1319506572916975,0.13951747513647814,0.13236009239057012,0.15140632545780455,0.14092957076262275,0.14793904123745932,0.23095327793709616,0.17403828275018265,0.17808461759221497,0.21427192368619652,0.23087159892121464,0.1819245059044169,0.14889866818553912,0.1559836600688657,0.16919273742629198,0.15618011926394024
