para_num,doc_str,n_chars
0,ARE V XE OHER,13
1,Tzih varal Quiche vbi.,22
2,"Varal xchicatzibah vi xchicatiquiba vi oher tzih, vticaribal, vxenabal puch ronohel xban, pa tinamit quiche, ramac quiche vinac; arecut xchicacam vi vcutunizaxic, vcalahobizaxic, vtzihoxic puch euaxibal zaquiribal rumal tzacol bitol alom, qaholom quibi hun ahpu vuch, hun ahpu vtiu, zaquinimac tzÿz, tepeu, qucumatz vqux cho, vqux palo, ah raxalaε, ah raxatzel chu qhaxic, rachbixic, rachtzihoxic rÿ iyom, mamom xpiyacoc, xmucane vbi, matzanel chuquenel camul yiom, camul mamom chuqhaxic pa quiche tzih. Ta xquitzihoh ronohel ruq xquiban chic chizaquil qolem, zaquil tzih vae xchicatzibah chupan chic vqhabal Dios pa christianoil chic xchiquelezah rumal mahabi chic ilbal re popo vuh. ilbal zac petenac chaca palo. vtzihoxic camuhibal ilbal zacqazlem chuqhaxic. qo nabe vuhil, oher tzibam puch xa eval vvach ilol re, bizol re, nim vpeoxic, vtzihoxic puch, ta chiquiz tzuk ronohel cah vleu, vcah tzucuxic, vcah xucutaxic retaxic, vcah cheexic, vmeh camaxic, vyuccamaxic vpa cah, vpa vleu cah tzuc, cah xu cut chuqhaxic rumal ri tzacol bitol vchuch, vcahau qazlem vinaquirem, abanel, quxlanel, alay rech, quxlaay rech zaquil amaquil, zaquil al, zaquil qahol, ahbiz, ahnaoh chirech ronohel ato qol vi cah vleu cho palo",1215
3,"ARE V TZIHOXIC VAE Cacatzinin oc, caca chamam oc catzinonic cacazilanic, caca lolinic, catolona puch v pa cah.",110
4,"Vae cute nabe tzih nabe vchan. mahabi oε hun vinac, hun chicop, tziquin, car, tap, che abah, hul, zivan, quim, quichelah; xa v tu quel cah qolic. maui calah v vach vleu; xa vtuquel remanic palo vpacah, ronohel, mahabi na quila camolobic, cacotzobic, hun ta cazilobic camal cabantah, ca cotz cabantah pa cah. xma qo vinaquila qolic, yacalic; xa remanic ha, xa lianic palo, xa vtuquel remanic, xma qo vi na quilalo qolic; xa cachamanic catzininic chi queεum, chi aεab, xa vtuquel ri tzacol, bitol, tepeu, qucumatz e alom, e qaholom qo pa ha zactetoh e qovi e mucutal pa cuc, pa raxon are vbinaam viri qucumatz e nimac etamanel, e nimac ahnaoh chiqui qoheic; quehe cut xax qo vi ri cah qonaipuch vqux cah are vbi ri cabauil chuqhaxic.",731
5,"Ta xpe cut vtzih varal xul cuq ri tepeu qucumatz varal chi quecumal chi aεabal xqhau ruq ri tepeu qucumatz, xe qha cut, ta xenaohinic, ta xe bizonic, xerico quib, xquicuch qui tzih, qui naoh, ta xcalah ta xquiquxlaah quib xe vi zac ta xcalah puch vinac, ta xquinaohih v tzuquic v vinaquiric che, caam, v tzucuquic puch qazlem vinaquirem chi queεumal, chi aεabal, rumal ri vqux cah huracan vbi, caculha huracan nabe, vcab cut chipa caculha, roxchic raxa caculha chi e cu oxib rÿ vqux cah ta xeul cuq ri tepeu qucumatz, ta xnaohixic zac qazlem, hupacha ta cha uaxoc ta caquiro puch, apachinac tzucul cool ta chuxoc quixnohintah. areri ha chel tah chihamatah, chivinaquir va vleu vlaquel ta curib chata cut, ta chauaxoc ta zaquiroc, cah vleu, ma ta cut v quihilabal vcalaibal rÿ catzac cabit ta vinaquiroc vinac tzac vinac bit xeqha cut ta xvinaquir cu ri vleu cumal; xaquitzih xqohe vi v vinaquiric chivinaquir vleu, vleuh xecha libah chi xvinaquiric; queheri xa tzutz xa mayui v vinaquiric chic u pupuheic ta xtape pa ha ri huiub huzuc nimac huyub xuxic xaqui naual xa qui puz xbanatah vi vnaohixic huyub tacah, huzuc rach vinaquiric v quizizil, v pachahil v vach. quehe cut xquicot vi ri qucumatz, vtz mi xatulic at vqux cah, at huracan, at pu chipicaculha, raxa caculha, xchutzinic catzac cabit xeqha cut. nabe cut xvinaquir vleuh huyub tacah, xchobochox vbe ha xbiniheic colehe racan xol tac huyub, xa chobol chic xeqohe vi ha, ta xcutuniheic nimac huyub. quehe cut v vinaquiric vlew ri ta xvinaquiric cumal ri vqux cah vqux vleu quevchaxic rÿ cute nabe xquinohih xcolo vi ri cah, xcolo nai puch vleuh chupan ha. quehe cut vnaohixic ri ta xquinohih ta xquibizoh rutzinic vbana tahic cumal.",1691
6,"Ta xquinohih chic vchicopil huyub chahal re quichelah ronohel, vvinaquil huyub ri quieh, tziquin, qoh, balam, cumatz, zochoh, canti chahal caam cacha ri alom, qaholom xa pa chilolinic, ma xa on chitzininic vxeche, caam, cate vtz chiqohe chahal re xeqha cut ta xquinohih, xqhitzihoh puch huzu cu xvinaquir queh tziquin ta zquizipah cut rochoch queh tziquin. at queh pa beyaa pa zivan catvar vi, varal cat qohe vi pa quim pa zacul, pa quechelah, quipoco vi ivib, cahcah ibinibal, ychacabal chuxic xevqhaxic ta xquichic cut cochoch chuti tziquin, nima tziquin. ixix tziquin chuvi che, chuvi caam quixochochin vi, quixhain vi, chiri quixpoc vi, quixquiritah vi chuεab che, chuεab caam xevqhaxic quieh tziquin ta xquibano quibanoh ronohel xucamo v varabal, v yacalibal quehe cut cochoch vi chicop ri vleu xuyao alom, qaholom. xutzininaca chic ronohel ri queh tziquin",861
7,"Ta xevqhax chicut rÿ queh tziquin rumal tzacol bitol alom, qaholom. quixqhauoc, quixziquinoc mi xyonoliquinic, mi xziquinic, quixqha va he tah chi huhunal, chu hutac chobil chi hutac molahil, xevqhaxic ri queh tziquin qoh, balam cumatz, chibÿh na cut ri ca bi cohicaharizah, oh ichuch, oh icahau quiqha va na cut, huracan, chipi caculha, raxa caculha, vqux cah, vqux vleuh, tzacol, bitol, alom qaholom quixqhaoc cohiziquih, cohiquihila, xevqhaxic. macu xutzinic xeqhauic, queheta ri vinac, xa quevachelahic, xa quecaralahic xa quevohonic; mavi xvachinic v vach qui qhabal, halahoh xcoquibeh chi qui huhunal. ta xqui ta ri tzacol bitol mavi mi xutzinic, mi xeqhauic, xeqha chic chi qui bil quib maui mi xutzin v bixic cabi rumal oh cah tzac oh pu cah bit mavi vtz xqha chic chiquibil quib ri alom qaholom, xevqhax cut xa quixhalatahic rumal maui mi xutzinic maui mi xixqhavic, mi cu xcahal catzih ivecha i cuxun, ivarabal i iacalibal xivech vi mi xeuxic zivan quechelah rumal mavi xutzin caquihiloxic mavi ix ziquÿ que ca qo couilo qui hilonel nimanel chi caban chic xa chicam i patan xa i tiohil chica chic ta chuxoc. are cut chipatanih, xevqhaxic ta xe pixabaxic chuti chicop nima chicop qo chuvach vleu. ta xrah cu quitih chic qui quih xrah quitihtobeh chic, xrah pu quinuc chic quihilabal xma xquita vi qui qhabal chiquibil quib. xma xnauachir vi cut, xma xbanatah vi puch, quehe cut xechacatah vi quitiohil, xquipatanih xe tÿc, xecamizaxic, ri chicop qo varal chuvach vleuh, que he cut v tihtobexic chic vinac tzac vinac bit cumal tzacol bitol alom, qaholom xa ca tiha chic, mi xyopih ravaxic v zaquiric cabana tzucul que cool que hupacha ta coh ziquixoc, ta cohnabax puch chuvach vleuh. mi xcatiho chirech ri nabe ca tzac, ca bit maui mi xutzinic ca quihiloxic, ca calaixic puch cumal, quehe cut catiha vi vbanic ah nim ah xob tzucul, cool xeqha ta vtzaquic cut vbanic puch, vlev xocol vtiohil xquibano ma cu vtz xquilo, xa chiyohomanic, xa tzubulic, xa nebelic, xa lubanic, xa vulanic, xa pu chivmaric, maui chicolol vholo xa hum benac vi v vach, xa culu vach maui chimucun chirih chichau nabec, mahabi vnaoh xa huzuc chiumar paha, maui qo, xeqha chicuri ah tzac ah bit. cauach labec ta chuxoc xa labe maui chibinic, ma pu chipocotahic ta chuxoc xa vnaoh chiri xecha ta xquiyoh cut xquiyoc chic ri qui tzac qui bit xeqha chicut hupacha quichicabano chutzin ta vi chinauachir ta vi quihiloy quech ziquÿ quech xecha ta xquinaohih chic xa cabÿh chique xpiyacoc, xmucane, hun ahpu vuch, hun ahpu vtiu. quitiha chic vquihixic vbitaxic xevqhan qui quib ah tzac ah bit. Ta xquibÿh cut chire xpiyacoc, xmucane cate cut vbixic ri chiquech ri enic vachinel, ratit quih ratit zac que vqhaxic cumal ri tzacol bitol are qui bi ri xpiyacoc, xmucane",2740
8,"Xeqha qu ri huracan ruq tepeu qucumatz ta xquibih chirech ah quih ah bit enic vachinel xuculu, xa pu churico cheta chic chi cauinac bitoh, chica vinac tzacoh ta chic tzucul cool coh ziquixtah, cohnabaxtah puch, catoc ta cut pa tzih iyom mamom catit camam xpiyacoc, xmuca ne chatah ta chavaxoc, ta zaquiroc ca ziquixic, ca toquexic ca nabaxic rumal vinac tzac, vinac bit, vinac poy, vinac anom cha ta chuxoc chicutun ibi hunahpu vuch, hunahpu vtiu camul alom, camul qaholom nimac nima tzÿz ah cuval ah yamanic ah chut ah tzalam, ah raxalac, ah raxazel ah εol, ah toltecat ratit quih ra titzac quixvqhaxic rumal catzac cabit chimala chi ixim, chi tzite xa chibanatahic xa pu chel apan oc chicahah chicacotah puch vchi vvach che xevqhaxic e ah quih cate puch vcahic v quihiloxic ri xmalic chi ixim chi tzite quih bit xeqha qu ri hun atit hun mama chiquech are ri mama are ah tzite xpiyacoc vbi. are cu ri atit ahquih ahbit chi racan xmucane vbi xeqha cut ta xquitiquiba quih xa chuculu xa pu churico chabÿh cata caxiquin, caqhauic catzihontah xa chuculu ri che chahavaxic chicotox puch cumal ahtzac ahbit. ve are tzucul cool ta chavax oc ta zaquiroc at ixim at tzite, at quih, at bit. catchoconic cattaquentah xqha chire ixim q,ite, quih bit. cat quixla vloc at vqux cah macahizah vchi vvach tepeu qucumatz xeqha ta xquibih cut v zuculiquil vtz are chuxic ri i poy aham che chiqhauic chitzihon bala chuvach vleu ta chuxoc xeqha cut ta xquibih huzuc xbanic poy aham che xe vinac vachinic xe vinac tzihonic puch are vinaquil vvach vleu xevxic xe poquic xemealanic, xeqaholonic ri poy aham che macu habi qui qux ma pu habi quinaoh maui natal cah tzac cah bit xaloc xebinic, xechacanic maui xquinatah chic ri v qux cah quehe cut xepah chivi xa vtihtobexic xa pu v vababexic chi vinac queqhau nabec, xa chaquih qui vach mana zonol cacan, qui εab mahabi qui quiquel, qui comahil, ma habi qui ticoual, qui cabchÿal cha quih cotz qoh qui vach. ca pichipoh cacan, quicab caie ioh quitiohil quehe cut maui xenau chivi chuvach tzacol bitol alai quech, quxlaai quech enabe tzatz chivinac xevxic varal chuvach vleu",2098
9,"Cate cut qui quÿzic chic qui mayxic qui cutuxic puch xe camizax chic poy aham che ta xnohix quibutic rumal vqux cah nima butic xbanic xpe pa quivi ri e poy e aham che q,ite vtiohil ri achih, ta xahaxic, rumal tzacol bitol, ixoc zibac cut vtiohil ixoc. xrah oquic rumal tzacol bitol maui xenauic, ma pu xeqhauic chu vach cah tzac, cah bit banol que vinaquirizay quech quehe cut qui camizaxic xebutic xpe nima εol chila chicah. xe cotcovach vbi, xcotin vloc vbac qui vach, xepe camalotz xcupin vla quiholom, xpe cotzbalam. xtio quitiohil, xpe tucumbalam xtucuuic xquichouic quibaquil, quibochil xcahixic, xmuchulixic qui baquil, cahizabal qui vach; ru mal maui quinauic chuvach qui chuch, chuvach puch qui cahau, ri vqux cah, huracan vbi, cumal xquecumaric v vach vleu, xticaric quecal hab quihil hab, acabal hab xoc vla chuti chicop nima chicop xcut qui vach rumal che abah. xqhauic ronohel qui quebalqui xot, qui lac, qui boh, qui tzi qui εaa, haruh pa la ronohel xcutu qui vach cax xiban chique, xohitio ixchi cut xquixcati chic xqha ri qui tzi cac chiquech. re cu ri εaa xohcoconic iuumal hu ta quih, hu ta quih, xquec zaquiric amaquel holi, holi, huqui, huqui ca vach ivumal are ta nabe capatan chivach, ixtana vinac vacamic cut xchitih ca chucab xchicaqueeh, xchicahoc puch i tiohil xqhari qui εaa chique. are curi qui tzi xqha chic ta xqhauic, na qui pa rumal maui chiya cava, xa cohmucunic xa pu cohicuxih vloc, coh izac pu vloc yacal vbi ca cheel ivumal ta quixvaic xere cohivuchaah vi maui cohqhauic mata cu mi xohcamic chiue hu pa cha maui mi xixnauic xixnau ta cut chiuih ta cut xohzach vi, vacamic cut xchitih cabac qo pa ca chi xquixcatio xeqha ri tzi chique ta xcut qui vach. are chicuri qui xot, qui boh xchau chic chique: cax, va xi ban chique xac ca chi, xacca vach; amaquel oh tzacal chuuicac cohicato maui cax xcanao, xchitih cut xquix caporoh xcha ri qui boh ro nohel xcutu qui vach. are ri abah ri quixcub chitaninic chipe pa εaε taεal chi quiholom, cax xban chique. anilabic que mal malihab chic querah acanic chuvi ha xa chiu vlih ha quetzac vloc, querah acan chuvi che queqhaquix vloc ruma che querah oc pa hul xa chiyuch hul chi qui vach; quehe cut vcayohic vinac tzac vinac bit, etzixel, e tzalatzoxel chi vinac xmayxic, xcutuxic quichi qui vach conohel, xqha cut are retal ri qoy qo pa quechelah vacamic, are xqohe vi retal rumal xache quitiohil xcohic rumal ahtzac ahbit, are curi qoy queheri vinac chivachinic retal hule vinac tzac, vinac bit xa poy, xa pu ahamche.",2493
10,"Are cut xa hubic zac na tanoh vvachvleu mahabi quih hun cut cunimarizah rib, vvcub caquix vbi, qo nabe cah vleu, xa ca moymot v vach quih ic caqha curi: xaui xere vzaquetal vinac rÿ, xbutic queheri naual vinac vqoheic in nim quiqohe chic chuvi vinac tzac vinac bit in vquih in pu vzac in naipu riquil ta chuxoc, nim nu zaquil in binibal, in pu chacabal rumal vinac. rumal puvac vbac nuvach xa catiltotic chi yamanic raxa cuval naypu ve raxcauacoh chi abah queheri v va cah are curi nu tzam zachuluhuh chinah queheri ic puvac cut nu calibal cazac paque vvach vleu ta quinel vloc chuvach nu calibal quehe cut in quih vi in pu ic rumal zaquil al zaquil qahol ta chuxoc rumal chinah copon vi nu vach: qhari vucub caquix macu quitzih are ta quih, ri, vcub caquix xere cunimarizah rib ri v xic v puvac xere cut tocol vi v vach ri chicube vi mana ronohel ta v xe cah copon vi v vach. maha cut qui quiloc v vach quih, ic chumil mahaoc cazaquiroc quehe cut cucobizah vi rib ri vucub caquix chi quihil, chi iquil xa maha chicatunoc chicalahoboc vzaquil quih ic xa xuraih nimal icouen are ta xbanic butic cumal poy aham che quehe cut xchicabÿh chic ta xcamic vucub caquix ta xchacatahic, ta xbanatahic vinac rumal ahtzac, ahbit.",1217
11,"Vae vxe vchacatahic v yicoxic chi puch v quih vucub ca quix cumal e caib qaholab hun ahpu vbi hun, xbalanque vbi vcab xavi e cabauil rumal itzel xquilo ri nimarizai rib xrah vban chuvach vqux cah, xqha curi qaholab mavi vtz ta chuxoc mavi chiqaze vinac varal chuvach vleu quehe cut chicatih, v vbaxic chuvi recha chica v vbah vi chiri chicacoh vi viab ta quizoc v quinomal, v xit, v puvac v cual, v yamanic ri cucacabeh que he cut chubano ronohel vinac. maui are chivinaquir vi εaεal ri xa puvac ta chuxoc xeqha ri qaholab huhun chi vb quitelen qui cabichal are curi vvcub caquix e caib v qahol are nabe al ri zipacna, vcab al chicut ri cabracan chimalmat cut vbi qui chuch rixoquil ri vvcub caquix are curi zipacna are chirechaah ri nimac huiub. ri chicac hun ahpu pe cul ya xcanul macamob huliznab chuchaxic vbi huiub xqolic ta chi zaquiric xa hun aεab chi vinaquiric rumal ri zipacna are ri chicuri cabracan chizilab huiub rumal chinebouic chuti huiub, nima huyub rumal, xaui quehe nimarizabal quib xquibano vqahol vvcub caquix ixva, in quih xqha vucub caquix inva, in banol vleu xqha ri zipacna, in chicut quiyou cah chinvlih ronohel vleu xqhari cabracan xavi vqahol vvcub caquix xaui chiri xquicam vi quinimal chirih qui cahau are cut itzel xquil vi qaholab, maha chibantahoc canabe chuch canabe cahau quehe cut xnohix vi qui camic qui zachic cumal qaholab.",1362
12,"Vae cute v vbaxic vvcub caquix cumal caib qaholab xchicabÿh qui chacatahic chi qui huhunal ri nimarizai rib are ri vvcub caquix hun nima che ri tapal are cu recha ri vvcub caquix are chulo ri v vach tapal chacan chui che hutaquih xilo macut rechabal cumal ri hun ahpu, xbalan que, quicacalen chi cut chuxe che ri vvcub ca quix e matzamoh vlo ri caib qaholab pa xac che ta xopon cut caib qaholab vcub caquix tacal chui recha ri tapal cate cut ta xubaxic cumal ri hun hunahpu ta cal vbac vub chucaεate churacuh vchi ta xpe chui che tacal chvach vleu chimalmat cut ri hun hunahpu anim xbec quitzih vi xbe vqhapa, cate cut ta xcupix vla vεab ri hun hu nahpu rumal ri vvcub ca quix, huzuc xtzac vloc, xmeho vloc, tzam vteleb ta xutzocopih chi cut hunhunahpu ri vvcub caquix xavi vtz xquibano ma nabe quichacatahic tah rumal vvcub caquix. vcaam chi cut vεab ri hunhunahpu rumal ri vucub caquix ta xbe chi rochoch xa chi cu vlotem v εaεate xoponic. naqui pa mi xcamou. chila xqha cu ri chimalmat ri xoquil vvcub caquix. na qui pa ri ri e caib qaxtoq mixiquivubah, mi xzilibatah nu εaεate rumal xa cachuiu ahe ve cacoxou chic mi nabe mi xnucam vloc chuvi εaε cut chixeque vi chitzaiaba chuvi εaε ta cul qui ca ma chic quitzih chi e qaxtoq xqha ri vvcub caquix, ta xu xequeba vεab ri hunahpu. qui naohinic chic ri huhun ahpu, xbalanq~ ta xquibih cut chirech hun mama quitzih zac chic rizmal vi chi mama, hun cu atit quitzih quemel atit chic, xa quelucuquila chic chirihitac vinac. zaqui nim ac vbi mama zaqui nima tziz cut vbi atit xeqha curi qaholab chique ri atit mama quixcachbilahtah chibe ta cama caεab ruq vucub caquix xa cohtere chivih, quiri camam ri cachbilan caminac qui chuch qui cahau quehe cut que tere co tila vi chiquih tala quecazipah vi ru mal xa elezan vchicopil eiah cacabano quixqha quehe curi oh acalab chirilo ri vvcub caquix, xavi oh qoh yavic inaoh, xeqha ri e caib qaholab; vtz bala xeqhacut. cate cut ta xebec tzamal cubi ri vvcub caquix chuvach v calibal, ta xeicouic ri atit mama queetzeyah curi e caib qaholab chiquih ta xeicou chuxe rochoch ahau cu racuh cu vchi ri vvcub caquix rumal re. ta xril cut v vcub caquix ri mama atit cachbilan quib apa quixpe vi camam, xqha curi ahau xa oh tzucubei quib lal ahau xeqha cut. naquipa itzucubal maivalcval ri ivachbilan, mahabi lal ahau e ca mam ri, xere nare cacatocobah qui vach ri yaaxel hupir cha cap cacaya chiquech lal ahau xeqha cut ri atit mama cutzin curi ahau rumal vcoxom re xa cunimac vachih chic qu ca qhavic intabacanih chivech chitocobah ta nuvach, na quipa quichibano, naquion chi qui chicunah, xqha cut ahau xa vchicopil eiah chique lezah, xacu vbac vvach chicacunah xabac chicavico lal ahau, xeqha cut. vtzbala chicunah ta ba ve quitzih cacoxouic hu ta quih maui choquitahic, mahabi nu varam rumal ruq vbac nu vach xa xiquivbah e caib qaxtoq ta xticaric, maui quinechahic rumal quehe ta cut chitocobah vi nu vach, xa cachuiub vehe chic rive, vtzbala lal ahau chicop ba cacaxuuic xachoc vquexel chel ri ela. maba vtzlo chel ri ve rumal xere in ahau vi nu caubal ri ve. ruq vbac nu vach. xchicacoh chic nacut v quexel hocombac xchoc chic are cut hocombac ri xa zaqui ixim vtzbala chivelezah chi too vloc xqha cut ta xel curi re vvcub caquix. xa zaqui ixim vquexel re xoquic, xa chi cu zac huluhuh chi vla ixim pu chi. huzucu xcah v vach maui ahau chic xvachinic xquiz elic ri re cuval raxcauacoh puchi ta xcunax chi cut vbac vvach vvcub caquix ta xcholic vbac vvach xquiz elic ri puvac mana cax tah xunao xaui xere camucunic ta xquiz cu elic ri vnimarizabal rib xaui quinaoh ri hunahpu, xbalanque ta xcam cut ri vvcub caquix ta xucam cut v εab ri hun ahpu xcam naipuch chimalmat ri xoquil vvcub caquix, quehe cut vzachic vquinomal vvcub caquix ri xa ahqun xcamouic ri cuval yamanic xu punabeh varal chuvach vleu. hu pah chic xziquinic ta xcahapanoc ri che ocu mi xutzinic qui vtz mi xcabano chire mi xcamic, atalabe chita quen chu bano, chuchacuh ta chuxoc vnabe la xucoh vla rib cuq chi caxol puch la oh omuch chi qaholab xeqha cut que quicot chic qo ri vbanic ca qui oxih checevic oxih puch chicucah la cabobal naual atit, naual mama xbanouic ta xquicam cut qui εab xtiquitax vcoc vtz chic xuxic. xa rumal v camic vvcub caquix xcah quehe xquibano itzel xquilo nimarizabal ib cate cut xe be chic e caib qaholab, xa vtzih ri vqux cah ta xquibano.",4325
13,"Vae chi cute vbanoh chic zipacna v nabe qahol vvcubcaquix, in banol huyub caqha ri zipacna are curi zipacna catinic chuchi ha ta xe icouic omuch qaholab e hurui che racan qui cabal, omuch chubinic, ta xquicat cut hun nima che v vapalil qui cabal cate cut xbe ri zipacna xopon cu chila cuq ri omuch qaholab na qui pa quibano ix qaholab? xa che maui cacayaco chiteleba xchinteleh apa copon vi na qui pa vchac chi iqux, xa v vapalil ca cabal vtz bala cha cut ta xuhuruh cut xuteleba cu acanoc, chuchi qui cabal omuch qaholab xata vi catqohe cuq at qahol qo pa achuch acahau mahabi xqha cut cacachaquimah tana bala chuvec chuvabaxic chic hun cache racan ca cabal vtz xqha chicut catecut xcam quinaoh ri omuch qaholab areri. ala hupacha chicaban chire chicacamizah tah rumal maui vtz ri cubano xa vtuquel mi xuyac ri che cacoto hun nima hul chiri ta cut chicatzac vi cahoc pa hul hacama caha vleu pa hul cohqhata chire chi are ta cut pachal cahoc pa hul ta catarih cahoc ri nima che chiri ta cut chicam vi pa hul, xeqha cut omuch qaholab, ta xquicot cut hun nima hul naht xcahic ta xquitac cut ri zipacna, oh canih chavech chibeta a coto chic vleuh maui cacaxico, xucha xic. vtzbala xqhacut cate cut xcah pa hul caziquin vloc ta cototahoc ri vleu nahta chicahic avmal xuqhaxic ve xqha cut ta xutiquiba vcotic hul xacu vhul xucoto vcolbal rib, xretamah ri v camizaxic ta xucot cut hun vi chihul chu tzalanem vca hul, xucoto xcolotah vi cahanican pala xuqhax cu cah oc cumal omuch qaholab. quinanucoto ve xquixnuziquih acanoc ta chutzinoc, v cototahic xcha vloc zipacna chiri pahul, macu are cucot vxehul ri vmoquiquil xa vhul cucoto colbal rib cate cut ta xziquin vloc ri zipacna colon chuca chiri pa hul ta xziquin vloc, quixpetoc chul icama vleu rachac hul mi xcoto tahic. qui tzih nah mi xcah v vmal. mapa qui ta nu ziquibal lo, are curi iziquibal xa vbi caxohanic. queheri hun elebal caib elebal ixqovi canutao xqha vla ri zipacna, pa vhul chiri cut matzal chivi vloc caziquiiah chi vla pa hul. are cut cahurux vloc ri qui nima che ru mal qaholab cate puch xquitarih cahoc ri che pahul ma qo ma qhauic chicata na ta churacuh vchi ta camoc xe cha chi quibil quib. xa que hazlahic xa pu chimatzalah qui vach chi qui huhunal, ta xquitarih cahoc ri che are cu xqha cut ta xuracuh v chi xa [hupah chic xziquinic ta xcah apanoc ri che oca mi xutzinic qui vtz mi xcabano chire mi xcamic atalabe chita quen chubano chuchacuh ta chuxoc vnabe la xucoh vla rib cuq chicaxol puch la oh omuch qaholab. xeqha cut que quicot chic qo ri vbanic ca qui oxih que e couic oxih puch chicucah lacabebal]2 cacabal laoh omuch chi qaholab xe qha chuuec cut chiquilo ca bih puch chiquilo mapa chipe zanic pu vleu ta chuinoc ta queyoc cate cut cul chica qux ta cucah ri ca qui xeqha cut. cuta cu vloc ri zipacna chiri pa hul, ta xquibih qaholab ri ca chucabih puch, ta xtubuquih zanic quebinouic, quebuchuvic ta xeculun xe che humah qui cayeloon iz, qui cayeloon puch rixcac zipacna ta xquil curi qaholab mi pa xutzin ri qaxtoq chivila na zanic mi xeculun vloc mixetubuquih vloc humah iz qui caien qo rixcac ri chila na mi xcabano ca xeqha chiquibil quib are curi zipacna xaui qazlic xucat vloc rizmal v vi xa pu cuqux vloc rixcac chire cuya vla chiquech ri zanic que he curi xcamic xquinao omuch qaholab cate cut xticar qui qui chiroxih ta xecabar puch conohel qaholab e cu cabarinac chic conohel omuch qaholab mahabi caquina chic cate puch xulix ri cabal pa quivi rumal ri zipacna xequiz chayatahic conohel mahabi chic hun caib xcolotah chiquech ri omuch chi qaholab xecamizaxic ru mal zipacna vqahol ri vv cub caquix. quehe cut quicamic omuch qaholab ri xqha chicut are ri xeoc chichumilal ri motz vbi cumal, ve cut xa zacbal tzih lo are chicut chicabÿh vchacatahic chic zipacna rumal ri e caib qaholab hun ahpu, xbalanque.",3797
14,"Are chic vchacatahic, v camic zipacna, ta xchac chic cumal ri e caib qaholab hun ahpu, xbalanque, are chic v yoε qui qux caholab ri omuch chi qaholab xecamic rumal zipacna xa car, xa tap chutzucuh chi tac a, xere chirechaah hu ta quih pa quih chivacatic ta chutzucuh recha. chacab cut chirecah huyub cate cut vhalvachixic hun nima tap cumal hun ahpu xbalanque are cut xquicoh ri v vach ec. ri mac ec qo patac quechelah are v xul tap xuxic pa hac chicut v coc εab xquicoho zelabah curi v va rachac tap rihouohic cate cut ta xquicoh vcoc chuxe pec, chuxe nima huyub; meauan vbi huyub xchacatah vi cate cut ta xeperi qaholab xquicu ri zipacna chiya, apa catbe vi at qahol xchax curi zipacna? mahabi quin be vi, xa vecha canutzucuh, ix qaholab qha curi zipacna. naquipa au echa? xa car, xa tap, xma qo chivi canu rico cabihir chincanah rechaxic, maui canuchihchic vaih xqha zipacna chiquech hun ahpu xbalanque huna rela tap qo vla xe zivan quitzih chi nima tap caquihtala chavechaah lo. xa cohvtio mi xrah cachapo cacaxibih quib rumal machibeon cachapa xe qhari hun ahpu xbalanque qui tocaba nu vach quibe ta ivaba ixqaholab xqha ri zipacna, maba chicah, xata catbec ma zachibal tah xarecan ha catbec at cu taεal apon oc xe nima huyub houol vla chuxe zivan, xa catel apanoc xe qha hun ahpu xbalanque laquiba tocob nuvach ma ba xuculu ixqaholab quix be na cu nu vaba, qo qui xo vi ri q,iquin chibetah iv vbah vetaam qo vi xqha chicut zipacna. xelahic xoc na chiquivach qaholab lama qui cu xchachaplo ta xa quehe xcohtzalih avvmal ma xa maui xcatiho xa huzuc chitionic ri oh hupulic coh oc vbic cate cut cuxibih rib ri oh pacalic cohoc vbic xa cu zcaquin chic maui chicarico cate cu vtz at pacalic catoc vbic xuchaxcut. vtz bala xqha curi zipacna ta xbecut achbilan chicut ri zipacna xbec xeopon chuxe zivan zalam cula ri tap cacvacavoh vla rih, xe zivan ri cute qui cumatzih vtz bala chi quicot curi zipacna carahtah xcoc ta pu chi rumal quitzih cutzin chivaih xrah cutih ri xaxrah hupunic xrah oquic pacal curi tap xa canic cate cut xel chu vloc maui xarico xuqhax cut mahabi xa pacalic cacanic xa nabe zcaquin chic maui mi xnurico. cate vtz lo qui paqueic quinoc vbic xqha chi cut cate cut pacal chic ta xoc vbic xquiz cu oc vbic xa v vi vchec chic xcutun vloc xquiz biquitahic; xlilob cu cahoc nima huiub chi vqux maui xzolcopih chic abah cut xuxic ri zipacna quehe vchacatahic chic zipacna cumal qaholab hun ahpu xbalanque ri banol huyub xqha v tzihoxic oher v nabe qahol vvcub caquix chuxe huyub meauan vbi xchacatahvi xa na ual xchacatah vi. vcab nimarizai rib. hun chi cut xchicabÿh vbixic",2591
15,"Rox chicut nimarizai rib v cab v qahol vvcub caquix cabrracan vbi in yohol huiub xqha. xaui cu xere hun ahpu xbalanque xchacou re cabrracan, xqha ri huracan, chipi caculha, raxa caculha, ta xqhauic chiquech ri hun ahpu xbalanque v cab v qahol vvcub caquix hun chic hun chic chichacatahic, xavi nu tzih rumal mavi vtz qui banoh chuvach vleuh, caquicouizah quih chi nimal chi alal macu quehe chuxic chibochÿh cu vbic chila relebal quih xqha cut ri hurracan chique ri e caib qaholab vtz bala lal ahau quevi na cut maui vtz vi caquilo, mapa lal qolic lal pu yacalic lal vqux cah xeqha cut ri qaholab ta xquiculuba vtzih huracan. are puch catahin ri cabrracan iohol huyub xa zcaquin chutinih racan chu vach vleuh huzu chi bulih nima huiub, chuti huyub rumal ta xculutah cumal ri qaholab. apa cat be vi at qahol xeqha chirech ri cabracan mahabi quin be vi, xa in vlÿ huyub, in puch yohol rech chibe quih chibe zac xqha cut ta xqhauic. xqha chi cut ri cabrracan chique ri hun ahpu xbalanque hupacha xpetic maui vetaam vvach, naquipa ibi xqha cabrracan mahabi cabi xa oh vbom, xapu oh tzarabom patac huyub, xa oh meba mahabi naquila quech at qahol, xa chuti huyub, xa nima huyub coh bec at qahol are curi hun nima huyub xquilo xa coquil caquÿc quitzih naht cacanic xa cacupupic quicouic chuvi huyub ronohel macuhabi hun caib q,iquin mi xcacam chuvach at qahol ve cut quitzih cauulih ronohel huiub at qahol xeqha ri hun ahpu xbalanque chire cabrracan ma quitzih xivilo ri huiub quibÿh a pa qovi xchivilna xchinvvlih cahoc apa xivil vi chila ba qovi chi relebal quih xeqha cut hun ahpu xbalanque. vtz chi cama cabe xe vqhax curi e caib chi qa holab mahabi xa cachape nicah chicaxol catqohe vi hun chamox, hun chaviquicab chique rumal qo ca vvb. ve qo q,iquin chicavvbah xeqha cut. quequicot chiquitihtobela qui vvbanic are curi ta quevvbanic mana vleuh tah vbac qui vvb, xa chicuxlabih ri q,iquin ta chiquivvbah chumaihah curi cabracan ta xquibac cu qui cac ri qaholab xquibol cut qui q,iquin chuvach cac hun cut q,iquin xquicul zahcab chirih zaqui vleu xquicoho are cut chicaya chire ta hiconoc ta chutzica puch ruxlab ca q,iquin ta chacahoc are curi vleuh xchoc chirih q,iquin cumal puleu chicatzac vi quehe cut puleu. chimuc vi, ve nima etamanel hun tzac, hun bit ta chauax oc, ta zaquiroc xeqha ri qaholab rumal xax chirain vi vquxlal ri chitÿc chichacuxic quehe xchuraih vqux ri cabracan xeqha chiquibil quib hun ahpu xbalanque. ta xquibol ri q,iquin xchacah cut εan vbolic, chiyipouic chi cab chiyanic quih ri q,iquin chicoinic, zimizoh ruxlab. are curi cabrracan curraih chic rechaxic xa cauahin v vaal pu chi xa cabiquilahic, cacurulah puch vchub vcaxah rumal vzimzohil q,iquin ta xutzonoh cut naquipa ri iuecha quitzih cuz ruxlab canunao chiya ta zcaquin vech xcha cut ta xya cut hun q,iquin chire cabracan, vchacatahic curi cate cut xuquiz ri q,iquin ta xbe chicut xeopon cu chila re lebal quih qo vi ri nima huyub are curi cabracan xa tubul chic racan vcab, mabi chicouin chic rumal ri vleu xcul chirih q,iquin xutio macu habi chic naquila xubbanchic chire huyub maui xutzinic, xuvlihtah. ta xim cut cumal qaholab chirih xim vi v cab xrilih vcab cumal qaholab xim cut vcul racan vcabichal cate cut xquitarih cahoc puleu xquimucu quehe cut vchacatahic cabracan ri xavi xere hun ahpu xbalanque. maui ahilan qui banoh varal chuvach vleuh. are chicut xchicabÿh chic calaxic hun ahpu xbalan que. are nabe mi xcabih ri qui chacatahic vvcub caquix, ruc zipacna, ruq cabracan, varal chuvach vleuh.",3490
16,"Are chicut xchicabÿh chic v bi qui cahau ri hun ahpu xbalan que xcacamuh chuvi xa pu xcacamuh vbixic vtzihoxic puch qui qaholaxic ri hun ahpu xbalanq’ xa nicah xchicabÿh, xa chacab v bixic quicahau.",198
17,"Vae cute vtzihoxic. are qui bi ri hunhunahpu, que vqhaxic are cut qui cahau ri xpiyacoc xmucane chiquecumal chiacabal xealaxic ri hunhunahpu, vvcub hun ahpu cumal xpiyacoc, xmucane are curi hunhunahpu e caib xeralcualah, e pu caib v qahol, hun batz vbi nabe al, hun choven chicut vbi vcab al are cut vbi qui chuch va xbaquiyalo chuqhaxic rixoquil hun hunahpu. Are curi vvcub hun ahpu mahabi rixoquil xa vlaquel, xapu vcab xa qahol vqoheic e nimac ahnaoh, nim puch quetamabal enic vachinel, varal chuvach vleuh xa vtz qui qoheic qui yaquieic puch xquicutu nauiquil chiquivach ri hun batz, hun chouen, v qahol hunhunahpu, e ah zu e ahbix, e ah pu ahtzibenai pu ahcot, e ah xit, e ah puvac xevxic ri hun batz, hun choven, are curi hunhunahpu, vcub hunahpu xazac, xachaah chiquibano hu ta quih, xa e cacab chiquiculelaah quib e cahib chi conohel ta quecuchmaihic pa hom chul cu ri, voc ilol que vzamahel huracan chi chipi caculha, raxa caculha. are curi voc maui nah varal chuvach vleuh maui nah chi xibalba chire libah chi chopon chic chicah ruq huracan xeyaluh varal chuvach vleuh, xcaminac ca cut qui chuch ri hun batz hun chouen. are cut vbeel xibalba xechaah vi ta xquita cut hun came, vvcub came rahaual xibalba naquipa ri caban chuvach vleuh xa quenicnotic, xa pu quehuminic quebe ta tacoc varal tah queul chaah vi quecachac ta cut xa mahabi canimaxic cumal, mahabi quinim, mapuhabi qui xob cuxic xax quehiquic vloc paca vi xe qha cut conoh xibalba. ta xquicam qui naoh conohel ri qui bi hun came, vvcub came, enimac catol tzih. are curi ahauab ro nohel yaol vpatan rahauarem puch huhunchi ahauab rumal hun came, vvcub came. are curi xiquiripat, cuchumaquic vbi ahau, are cut qui patan ri quic chuyabih vinac. are chicuri ahal puh, ahal εana chic, qui ahauab are cut cahauarem ri chizipohic vi nac chipe puh chirih racan chipe εana chirih v vach chuεanel chuqhaxic cate cut rahauarem ahal puh, ahal εana vi. are chi curi ahau, chamia bac, chamia holom rahchami xibalba xa bac, qui chamÿ are cut cahchamÿal ri chibaquir vinac. qui tzih chi bac chi holom chic ta chicamic, zÿah bac xu pan chicamouic, are vpatan vi chamÿa bac chamÿaholom qui bi. are chicuri ahau ahalmez, ahaltocob qui bi are qui patan ri xa chiculvachih vinac v ve tzamez, ve pe pu chirih ha chuva ha chiculvachix vi xa chiquitocota chibe hupuloc chuvach vleuh ta chicamic are cut cahauarem ahalmez ahaltocob que vqhaxic. are chicuri ahau xic patan quibi are cahauarem ri vinac chicam pa be xa rax camic chuqhaxic chipe quic pu chi ta chicamic chuxauah quic xa huhun chi patan qui telelaon xa chiquicozih v culel vqux vinac ta chicam pabe. xa chiquiculmah aponoc ve chibinic chicul are cut cahauarem xic patan ri. are cut xquicuc qui naoh ri ta xetzaixic ta xecotobax puch hun hunahpu, vvcubhun ahpu. are xquiraih xibalba, ri quetzabal hun hunahpu vvcub hun ahpu ri qui tzuum qui bate, qui pach cab, qui iachvach, vach zot puch. quicauubal hun hunahpu vucub hunahpu. are chicut xchicabÿh chic qui bÿc chi xibalba xecanah cu canoc ri hun batz chouen vqahol hun hunahpu. xcaminac oc qui chuch cachui chic qui chacatahic chic hun batz hun chouen cumal hun ahpu xbalanque.",3137
18,"Cate cut qui petic zamahel ru mal hun came, vvcub came quix bec ixrah popachih he i taca ri hun hunahpu, vvcub hun ahpu quixqha ta quixopon cuq quepe toc queqha ahauab chivech varal tah queul chaaha vi cuq chicacaztah ta cavach cuq quitzih cacamaihah qui chi quehe ta cut quepe vi queqha ahauab chiquicam cu vloc ri qui choconizan, qui bate, qui pachcab chipe naipuch ri qui quiq que qha ahauab, quixqha ta quixoponoc xevqhaxic ri zamahel are cut qui zamahel ri tucur, chabi tucur, huracan tucur, caquix tucur, holom tucur quevqhaxic v zamahel xibalba are ri qhabi tucur queheri qhab. xa copquic, are curi huracan tucur xa hun racan qo v xic. are curi caquix tucur εaε rih qo v xic, are chi naipuch ri holom tucur xa vtuquel vholom mahabi racan xa v xic qolic e cahib ri zamahel rahpop achihab quecalem ta xepe cut chila chi xibalba libah chi xevlic e cu tacal chuvi hom quechaah cut hun hunahpu vvcub hun ahpu pahom ri nim xob carchah chuqhaxic e cu tacatoh ri tucur chuvi hom ta xquizac cut quitzih xavi xere vcholic vtzih hun came, vvcub came ahal puh, ahal cana chamia bac, chamia holom, xiquiripat, cuchumaquic, ahalmez, ahal tocob, xic patan quibi conohel ahauab xtzac quitzih cumal tucur. maquitzih caqha ahau hun came, vvcub came? quitzih bala queqha ohna cu achbilai ive. chicam vloc ri ronohel quetzabal queqha ahauab, vtz bala cohiuoiobeh na ohna capixabah canna ca chuch xeqha cut xebe cut chicochoch xeqha cut chire qui chuch xcaminac oc qui cahau hona ixca chuch xa et culic mi xul v zamahel ahau camol que, quepetoc caqha cut queqha tacol que xchicanah cu cana va ca quic xeqha cut cate xbe qui xima canoc puvi ha qohul na cate chica choconizah chic xa quixtzuan oc, xa pu quixbixan oc, quix siban oc, quixcoton oc, chi mecoh cochoch chimecoh puch vqux ivatit. xevqhax cut hun batz hun choven ta xepixabaxic quzquz cut choc qui chuch ri xmucane. hona mahabi cohcamic mixbizonic xeqha ta xebec hun hunahpu, vvcub hun ahpu.",1936
19,"Cate puch ta xebec hun hunahpu, vvcub hun ahpu xcam quibe cumal ri zamahel, ta xecahcut pu beal xibalba, xuluxuh vchi cumuc, xecah cut ta xeel chicu aponoc chuchihal ha zivan ub nuzivan cul, cu ziuan vbi xeecovi xeeco chicut chupan halhal ha zimah, maui ahilan zimah xeicovi maui xetocotahic ta xeopon chicut chi a chiquiquia xeicou chiri maui xcucah xeopon chi a vtuquel puch chi a maui xechacatahic xaui xeicou chic ta xeopon chicut pacahib xalcat be, cachiri cut xechacatah vi pacahib xalcat be hun εaεa be, hun cut queca be, zaqui be hun, hun cut εana be cahib be. are cut xqhau ri queca be in quinicamo in vbe ahau xqhau ri be chiricut xeqhacatah vi are xquitaqueh ri be xibalba ta xeopon cut pa qui popobal rahaual xibal ba xechacatah chicut chiri. are nabe cubulel ri. xa poy xa aham che cautalic cumal xibalba. are cut nabe xquiquihila cala hun came, xeqha chire ri poy, cala vvcub came xe qha chic chire ri aham che ma cu xeqhacovic. cate cut xehumuhub rahaual xibalba chi tze xa quehumin chic chitze conohel ahauab rumal xechacomahic chiqui qux xquichac ri hunhunahpu, vvcub hun ahpu xetzeen na. cate cut xeqhau chic hun came, vvcub came vtzbala mi x ixulic chuvec chicaza v vach ibate, ipachcab xevqhax cut quixcu vloc chi catem xevqhaxic vtuquel cu catanalah abah qui tem xyaic xecat chicut chui tem, quitzihvi xepizcalih chic chuvi tem maui xeyacamaric quitzihvi xevalehic xcat qui culibal. cate cut xetzeen chic xibalba, xepichicharic chitze xvinaquiriheic vcumatz tze chiquiqux chiquiqui quib. chiquibaquib chitze conohel rahaual xibalba. xa hix chiha, ve chibe yaoc ichah izic chi varabal xevqhax cut cate cut xeoponic pa quecuma ha vtuquel queεum vpam chihata xquicam cut qui naoh xibalba, xa quecapuzu chuec xa labe huzu huzu quecamic rumal ri quetzabal ri ca chahibal queqha cu ri xibalba chiquibil quib. are curi quichah xa coloquic cha zaquitoc vbi ri chah v chah xibalba xa hucul quichaah xahuzuc chiyohyox bac chicou vi ri qui chaah xibalba xeoc cut ri hunhunahpu, vvcub hun ahpu chupan ri queεumaha ta xbe cu yaoc quichah xa hun chi chah zihom chic xel ruq hun came vvcub came ruq huhun qui zic xaui tzihon chic xel cuq ahauab ta xbe cu yaoc cuq ri hunhunahpu, vvcub hun ahpu, echocochoh chi vloc pa queεum ta xopon ri yaol quichah ruq qui zic cahulhut ri chah xoc aponoc ri quichah e quitziha ri huhun qui zic he chul quiya chizaquiric maui chiquizic xaui xere v vach chulquimoloba que qha ahauab chive xevqhaxic xechacatah cut. xquiquiz ri chah xquiquiz curi zic xbe yao chique tzatz curi vtihobal xibalba quia molah chi tihobal are v nabe ri queεuma ha vtuquel queεum vpam, vcab chi cut xuxulim ha vbi tzatz chi teu vpam zac xuruxuh, zac caracoh chi xurulah teu choc vloc chupam, rox chi cut balami ha vbi vtuquel balam qo chupan quequichouic, quebuchuuic chi matat quechiquitit queetzapim balam pa ha. tzotzi ha vbi v cah v tihobal vtuquel tzotz vpam chiha quetzitzotic, quetzitilahic queropop pa ha e tzapin tzotz mahabi queel vi. roo chi cut chaim ha vbi vtuquel cha qo chupam zacleloh re chicha chitzininic chiyohohic chiri pa ha. qui nabec vtihobal xibalba macu xeoc ri hun hunahpu, vvcubhun ahpu chupam, xa vbixic aponoc vbi tihobal ha ta xeoc cu apanoc hun hunahpu, vvcub hun ahpu chuvach hun came vvcub came apa qo vi ri nu zic, aon qovi ri nu chah xbeyaoc chivech xquec xvqhax cut. xcaquizo at ahau. vtz bala va camic bala xquiz i quih quix camic xquizachic, xquicacup puch, varal xchivevah vi ivach quixpuzic xqha hun came vvcub came. ta xepuz cut xemuc cut chi pucbal chah vbi xemuc vi xcat vholom ri hun hunahpu xa vnimal xmuquic ruq ri v chac chiya ri vholom xol che ri tiquil pa be xqha cut hun came vvcub came. ta xbe cuyaoc vholom xol che. ta xvachin curi che mahabi v vach, maha choco ri vholom ri hun hunahpu chuxol che. are curi zima cohcha chire va camic vholom hun hunahpu chuqhaxic. ta xumaihah cut hun came, vvcub came v vach riche. humah colocac v vach. macu calah qo chivi ri v holom hunhunahpu xa hunam chic vvach ruq vvach zima carilo ronohel xibalba ta chul qui caiih. nim vqoheic riche xux chiqui qux rumal huzu xubanic ta xoc vholom hun hunahpu chuxol xeqha curi xibalba chiquibil quib maco machupuvic ri vvach maco naipu maoc apanoc chuxe che xeqha xquicatah quib, xquiquil quib xibalba conohel. macu calah chiri v holom hun hunahpu xa hunamatal chic ruc vvach che ri zima vbi xuxic, nim cut vtzihoxic xuta hun capoh. va cute xchicabÿh roponic.",4402
20,Va chi cute vtzihoxic hun capoh vmeal hun ahau cuchumaquic vbi.,63
21,"Are cut ta xuta hun capoh vmeal hun ahau cuchumaquic vbi v cahau xquic cut vbi ri capoh ta xuta cut vtzihoxic ri vvach che ta chitzihox chic rumal vcahau chumaihah cut ta chitzihoxic ma qui naoh vila ri che cabixic quitzih quz vvach cacha canutao xqha cut cate xbec xa vtuquel xapon cut chuxe che tiquil chi pucbal chah tiquil vi hiiaa. naquipe vvach vae che maqui pa quz chivachin vache. maquicam tah maquizach tah laquita xchin chup hunoc xqha curi capoh ta xqhau cut ri bac qo vla xol che naquipa caraih chire ri xa bac ri colocoxinac chucab tac che xqha ri vholom hun ahpu ta xqhavic chire ri capoh macaraih xuqhaxic? canuraih xqha cut ri capoh utzbala chaliquiba vloc ri auiquicab vilana xqha ri bac ve xqha cu capoh xuliquiba acanoc vviquicab chuvach bac cate cut chipitz caban v chub bac ta xpetic tacal cut pu cab capoh ta xril cut v pu cab huzuc xunicoh macuhabi vchub bac pucab xaretal mi xnuya chaue ri nu chub nu caxah. are ri nu holom mahabi cachocon chivi xa bac mahabi chi v chac. xavi quehe vholom ve qui nimahau xavtiohil vtz vi vvach. are cut ta chicamic chuxibih chirib vinac rumal vbaquil. quehe cut xa vqahol quehe ri vchub vcaxah vqoheic ve vqahol ahau ve puch vqahol naol, ahuchan xma chizach vi chibec chitzacatahic mavi chupel mapu maixel vvach ahau achih naol, ahvqhan xa xichicanahic vmial vqahol ta chuxoc. quehe mi xnuban chave. catacan cut chila chuvach vleu mavi cacamic catoc patzih ta chuxoc xqhari vholom hun hunahpu vvcub hun ahpu. xavi qui naoh ta xquibano are vtzih huracan chipi caculha, raxa caculha chiquech. quehe cu vtzalihic chic capoh chi rochoch quia pixab xbÿx chirech. huzu cu xvinaquir ral chupam rumal ri xachub. are cut quivinaquiric hun ahpu xbalanque ta xopon cut chi rochoch ri capoh xzacat cut vacaquib ic ta xnauachil rumal vcahau ri cuchumaquic vbi v cahau",1812
22,"Cate puch vnatahic capoh rumal vcahau ta xil ri ral cochic ta xquicuch cut qui naoh conohel ahauab hun came vvcub came ruc ri cuchumaquic are ri numeal qochi ral ixahauab xa vhoxbal xqha curi cuchuma quic ta xoponic cuq ahauab vtzbala chacoto vchi ri tama cubÿh chipuz cut chinaht chibe puzu vi vtzbala alac ahauab xqha cut. ca te cut xutzonoh chirech vmeal a pa ahchoce ri aval co chapam at nu meal? xqha cut mahabi val lal nu cahau, mahabi achih vetaam vvach xqhacut utz bala quitzih vi chi at hoxol chec chipuzu ix rahpop achih chicama vloc ri vqux chupan zel chiquicololeh ahauab vacamic xevqhax cut ri tucur, e cahib ta xebec quitiquem ri zel ta xebec quichelem ri capoh cucaam ri zaquitoc puzbal re. maui chutzinic quinicamizah ix zamahel rumal maui nu hoxbal ri qo chinupam xaqui xvinaquiric xere xbenumaihah ri vholom hun hunahpu qochi pucbal chah quequeta cut maui qui puz ix zamahel xqhari capoh ta xqhauic. naquipa xchicacoh v quexel ri iqux mi xbÿx vloc rumal acahau chicam vloc ri vqux xchiquitzololeh ahauab, xchiqui tzaquixtah xchiquihunam vachih v tzaquic chanim chicama vloc pazel chicoloba cahoc vqux chupan zel mapa mi xohvqhax vloc naquila cut xchicaya pazel cacahtanabec mata catcamic xe qha curi zamahel. vtz bala maui quech ri qux ta chuxoc ruq maui varal ivochoch chuxic macu xa chichih vinac chicamic cate qui tzih ivech ri qui tzih hoxol cate naipu rech hun came, vvcub came, xa quic, xa holomax rech ta chuxoc are chicut chuvach. maui are ri qux chicat chuvach ta chuxoc. chicoho ri vvach che qhacut ri capoh εaε cut v vaal ri che xelic xcul pazel cate puch xuvon rib coloquic xuxic vque xel vqux ta iitz chicul vvaal. cac che queheri quic v vaal che xelic vquexel v quiquel ta xu colo chila ri quic chupan ri v va al εaεche quehe curi quic rih xuxic εaε luhluh chic colom chi pazel ta xcop cut ri che rumal capoh. chuh εaεche chuqhaxic. are curi quic xubinaah rumal quic holomax chuchaxic. chila cut quix locox vi chuvach vleu qo ivech chuxic xqha cut chique ri tucur vtz bala at capoh. xcabeba cauaba acanoc xa cabin apanoc oh nacaya ixtah v va vquexevach a qux chiquivach ahauab xeqha cut ri zamahel. ta xopon cut chiquivach ahauab quezeleuachin conohel. maui xutzinic xqha cut hun came. mi xutzinic ixahauab vana cu vqux xe qo pazel. utzbala vila cut xqha curi hun came ta xuchuieh cu a canoc caturur rih chicomah εaε luhluh rih chiquic vtz chiluu v vach εaε chiya chuvi εaε xqha cut hun came. cate puch xquichaquih chuvi εaε coc cut xquina xibalba xequiz yacatah vloc conohel xe chique chuvi quitzih chi quz xquinao ri vzibel quic are cut e chiquichoh vi canoc ta xebe ri tucur e uabai rech capoh xuquia acanoc chi hul chuvi vleuh xzalih chicu cah oc ri vabanel. quehe cut xe chacatah vi rahaual xibalba ri rumal capoh xemoyvachixic conohel.",2773
23,"Are cut e qo ri vchuch hun batz hun choven ta xul ri ixoc xquic v bi. ta xul cut ri ixoc xquic ruq ri vchuch hun batz hun choven xqoloc ral chupam. xa zcaquin chic maui queyaqueic ri hun ahpu xbalanque quibi. ta xul curi ixoc chire ri atit xqha curi ixoc chire ri atit. mi xinulic lal chichu in alibla in puch alcual la lal chichu xqha ta xoc vloc ruq ri atit. apa catpe vi vloc qo chi pa ri val ma pa xecamic chi xibalba. e cu caib canoc quetal qui tzihel puch hun batz hun chouen quibi ve avila catpe vi catel vbic xuqhax ri capoh rumal atit. xere la quitzih vi chi in alib la xqo nare in qo vi rech hun hunahpu va vcaam e qazlic maui e caminac ri hun hunahpu vvcub hunahpu xa vcatbal rib zac mi xquibano lal valib quehe cut ivila ta chiloc vvach ri vcaam xuqhaxic ri atit. are cut que cacat ri hun batz hun chouen xa zu xa bix caquibano, xa zibanic, xa pu cotonic qui chaquih chi hu ta quih are cut cubul vi vqux ri atit xqha chicut atit xma cauahvi at ta valib xa ahoxbal ri qo chapam at qaxtoq xecamvi val cabÿh xqha chicut ri atit quitzih ibare va canubÿh vtzbala at valib canutao vhat bala ha cama quecha vi chiquivaeh hahacha hun chinima cat chipetic at na cu valib canutao xuqhax cut ri capoh. vtz bala xqha cut cate puch ta xbec pa abix qo vi cabix ri hun batz hun chouen hocam vbeel cumal xutaqueh cut capoh xopon puch chiri pa abix. xacu huvi ri abix xma qo chivi vca vi roxvi xuvachelaam vi uvach chihuvi ta xquiz cut vqux ri capoh quila in macol, in qazbol apa xchincam vi ri hun cat echa cabixic xcha cut cate puch vziquixic chahal echa rumal ta tul valoc ta tul tacaloc xtoh, xcanil, xcacauix pu tziya at chahal re queqha hun batz hun chouen xqhari capoh. ta xucam cut ri zamÿ vzamÿal v vi hal xuboc acanoc maui xuhach ri hal chicau cut ri hal echa pa cat xcaxinic ri nima cat ta xpe cut ri capoh. xa cu chicop xecan ri cat ta xpetic xbe quiya vcoc xucut ha queheri re can xoponic xril ri atit cate puch, ta xril ri atit ri echa hun chinima cat apa mi xpevi ri echa auvmal mi xealcalaba vi ve mi xquiz acam vloc ri cabix chibe navila xqha ri atit ta xbe puch xberila ri abix xavi xere qovi ri huvi abix xavi cu xere calah vcolibal cat chuxe. anim chicut xpe ri atit xul chicut chi rochoch xqha chicut chire ri capoh xere vi retal ri quitzih vi chiat valib chivil china abanoh ri e qo ri vi enavinac chic xuqhax cut capoh",2336
24,Are chic xchicatzihoh calaxic hun ahpu xbalanque,48
25,"Are cut calaxic vae xchicabÿh ta xuric vquih calaxic ta xalan puch ri capoh xquic vbi. macu xu vachih atit ta xealaxic libah chi xeyaqueic e caib chicalaxic. hun ahpu xbalanque quibi pa huiub xeyaque vi ta xeoc cut pa ha macu quevaric he atzaca vloc quitzih chach quichi xqha ri atit cate cut ta xeya pa zanic quz cu quivaram chiri xeel chicu chiri xeya chic chuvi quix are ta cut xcah hun batz hun choven xecam ta chiri pa zanic, xecam ta pu chuvi quix xcah rumal quichaquimal, qui εaε vachibal puch cumal hun batz hun chouen maui xeculax pa ha cumal quichac nabec xamaui que taam xavi cu pahuiub xequÿ vi e cu nimac ahzu ahbix ri hun batz hun chouen. xenimaquir cut nima caxcol rail. xeicou vi xecaxcobizaxic enimac etamanel chic xeuxic. xavi xere e ahzu e ahbix e pu ahzibab, ahcot xevxic ronohel chutzin cumal. xa xquetaam vi xealaxic xa xenauinac epu uquexel qui cahau ri xebe chixibalba caminac vi qui cahau e cu nimac etamanel ri hun batz hun chouen chi qui qux ronohel nabec quetaam ta xevinaquir ri qui chac, macu xel apanoc quinauiquil rumal qui εaε vachibal xa chiquih xcah vi v yoc qui qux maui banoh xepoizaxic cumal ri hun ahpu xbalanque xacu vvbanic chiquibano huta quih maui queloεoxic rumal ri catit hun batz hun choven. maui chiia quiva xbaninac vaim xepu vainac ri hun batz hun choven ta quevvlic, macu quecacaric oiouaric xa chiquicuyu xere quetaam ri qui qoheic queheri zac caquilo cucaam cut qui q,iquin ta quevlic huta quih chiquiti cut ri hun batz hun choven mahabi naquila chiia chiquech quicabi chal ri hun ahpu xbalanque xa cu zu, xapu bix chiquibano hun batz hun chouen. ta xevl chi puch ri hun ahau xbalanque mahabi chic qui q,iquin cucaam xeoc vl oc xcacar curi atit naquipa ru mal mahabi chi ziquin ivcaam xevqhax cut ri hun ah pu xbalan que. are vi ixcatit xa mi xetana tob ca q,iquin chuvi che xqha cut macu habi chacan chui che chiquech ixcatit chicah ta pu ri catz quebe ta cuq chibe ta qui cazah vloc ri q,iquin xeqha cut vtzbala cohbe iuvq zaquiric xeqha curi catz ta xechacouic. xcaminac cut quinaoh quicabichal chirech qui chaquic hun batz hun chouen, xa catzolcomih qui qoheic e upam, catzih ta chuxoc rumal nima caxcol mi xquiban chique xoh camtah, xohzachtah puch xcah rioh quichac queheri ala xohpe vi vloc chiquiqux. quehe cut que cachac vi xa retal chicabano xeqha chiquibil quib. ta xebe cut chila chuxe che cante vbi cachbilan curi catz ta xebec xquitiquiba chi cut vvbanic maui ahilan chi q,iquin chuvi che quechititic xe maihan cut ri catz ta xquil ri q,iquin. are curi q,iquin mahabi hun oc xcah vloc chuxe che, ri catziquin e maui quecah vloc. xahix cazah vloc xeqha cut chire catz vtzbala xeqha cut. cate puch xeacanic chui che xnimar cut ri che xzipoh vpam cate cut xerah cah vloc macu vtz chic qui cahic vloc chuvi che hun batz hun choven xeqha cu vloc chuvi che: hupacha cohv chanic ixcachac tocob cavach a reri che caxibin chic caquilo ix ca chac xecha vloc chuvi che xe qha curi hun ahpu xbalanque chiquira ivex chixima xe ipam nahtic vtzam chihurehe chivih cate cut vtz ibinic xevqhax chic cumal quichac. vve xecha cut ta xquihuruba cut vtzam qui toc xa pu huzu qui he chi xuxic xa coy xquivachibeh chic cate cut xebe chui tac che chuti huyub nima huyub xebec patac quichelah, quevohon chic quizilah chic chucab tac che quehe cut quicha catahic hun batz hun chouen, cumal hun ahpu xbalanque. xa rumal qui naual ta xquibano, ta xeopon cut chicochoch xeqha cut xeoponic ruq catit ruq pu qui chuch ixcatit naquila mi xquiculvachih ri catz xa rax qui vach mi xebec queheri e chicop chic xeqha cut vena quila mi xibanchique ivatz mi xinicalaba mipu xinichiquiba, mata quehe xiban chique ivatz ixvi xqhari atit chiquech hun ahpu xbalanque. xeqha chi cut chire catit mi xbizonic ixcatit xchivil chic qui vach ri catz xquevlic xe re chicut vtihovic va chive ix catit la qui mi xtzeenic catiha na qui quih xeqha cut cate puch xquitiquiba zuanic, hun ahpu coy xquizuah",3916
26,"Cate puch xebixanic xezuanic xecohomanic ta vcamic ri qui zu qui cohom ta xcube puch ri catit cuq ta xezuanic xeziquix pa zu pa bix ta xubinaah ri hun ahpu coy vbi zu ta xeoc cu vloc ri hun batz hun chouen quexahouic ta xevlic cate puch ta xmucun ri atit itzel qui vach xril atit ta xtzeenic maui xucui vtze atit. xacu huzu xebec maui xil chiquivach eiacatic xebe pa quechelah naquipa chibano ixcatit xa cah mul xchicatiho xa oxmul chic xquecaziquih pa zu pa bix quichicuyu itze catiha china xeqha chic hun ahpu xbalanque cate xezuan chic, ta xeoc chi vloc quexahou chic xe vl chic chi vnicahal vva ha xa ui ququz caquibano xavi caquitac chiih ri catit chi tze libah chi xtzeen chiri catit quitzih tzeebal qui vach ri coy chixiriric xe qui pam chichilita xe puch vchi qui qux ta xeoc vloc are cut qui chutzeeh atit cate xe be chic patac huiub. naquipa qui chicabano ixcatit xere chiva roxmul chic xchicatiho xqhari hun ahpu xbalanque. xezuan chic xevl chic quexahouic. xa cu chucuiuca vtze ri catit xe acan cu vloc chucatanah tzac caεruxruh vchi tac qui vach mutzumac qui chi chiquimal qui chi qui vach macama chiquiho quih chique ta xril chi cut ri atit cate xpocolih chi vtze ri catit machicu xil chiquivach rumal vtzebal atit xerevi cua ixcatit xquecapixabah vbic chucah mul cut xezuax chic macu xevl chic chucah mul huzu xe bec pa quechelah xeqha cut chire catit mi cu xcatiho ixcatit mi nabe xevlic mi pu xcatih chic qui ziquixic, mi xbizon cut oh qolic oh ivÿ xachilocoh ri ca chuch ixcatit quenabax ri catz ta chuxoc mi xeqobic mi pu xebinahic hun batz hun chouen quevqhaxic xeqha ri hun ahpu xbalanque xeziquix cut rumal ri ahzu ahbix, ri oher vinac are puch chuziquih ri ahzib ahcot oher xechicopiric ecoy xevxic rumal xax quinimarizah quib xquiyoc ri qui chac quehevi calabil chiqui qux quehe cut qui maixic ri ta xezachic ri hun batz hun choven. e chicop xevxic are cut e ramaquelal cocchoch chic xavi xere e ahzu e ahbix nim chic xquibano ta xecoheic ruq ratit ruq pu quichuch",1988
27,"Ta xquitiquiba chicut qui banoh qui cutbal quib chuvach catit chuvach pu qui chuch nabe xquibano ri abix. xa cohabixic ixcatit ix pu cachuch xeqha mi xbizonic oh qolic oh ivÿ oh qui quexel catz xeqha curi hun ahpu xbalanque. ta xquicam cut quicah qui mi xqui na qui xoquem xebec ruq huhun qui vvb xquiteleh xeel chi cochoch ta xquipixab cu catit chire vyaic qui va chiticoh na quih chibeya cava ixcatit xeqha vtzbala ixvÿ xqha cut ri catit. cate cut xeopon chiri que abix vi xa qui xquichiquiba ri mi xquina pu vleu xacu quichitahin ri mi xquina pu vleu macu qui chitahin ri mi xquina chutuquel. are curi icah xa vi chiquichiquiba chutoloc che xaui chucab rib che chibec chilahahic chibec ronohel che, caam εaε chacachoh chic chicatoh che chuban ri xahuna icah are curi mi xquina tzatz chicupuh maui ahilan tum quixic cuban ri xa hun chi mi xquina maui ahilan cupuh xa chuti huyub nima huyub cabec ta xquipixabah cut hun chicop xmucur vbi xquituyuba acanoc chuvi nima cutam xeqha cut hun ahpu xbalanque xa chavil ri catit chipetic iaol ca va huzu catoquic ta petoc cate cut chicachap ri mi xquina ruq icah vtz bala xqha curi xmucur. are cut xa vvbanic chiquibano mana quitzih abixic ta chiquibano cate puch choc ri xmucur anim cut que petic hun chichapo mi xquina, hun cut chichapou ri icah chiquipiz la qui vi xaloc chubacala vleu pu cab ri hun xaquehe chutziloh vvach queheri quitzih abixom are curi hun chic xaloc chupuquih vvebalche puholom quehe uiri quitzih catoh cheenel ta xil rumal catit cate cut quevaic maquitzih abixic chiquibano xa loc chibe yaoc qui va ta xebe cut chicochoch quitzih mi xohcotzic ixcatit queqha queoponic xa loc chiqui qui quih, chiquiiuc puch cacan, qui εab chuvach catit ta xe be chicut chu ca quih xeopon cut pa cabix quiz iacatahinac chic ronohel che caam vchapom chi rib ronohel tun quixic ta xeoponic. apa chinac cohmichouic xeqha cut are cut quebanou ri ronohel chuti chicop nima chicop coh balam, queh, vmul, iac, vtiu aε, ziz chuti q,iquin, nima q,iquin are xebanouic xa hun acab xqui bano cate chicut xquitiquiba chic abixic. xaui xuban chirib vleuh ruq catoh che ta xcam chicu quinaoh chiri pacatoh che pa cupuh puch xa cavarah ri ca bix anavi china cabano vlo la qui ta chicarico xeqha cut ta xcaqui naoh xeopon chicut chiha naquirilo cohmichouic ixcatit nima quim chic nima quechelah chi puch ri cabix ta xohopon mier ixcatit xeqha cut chire catit chire pu qui chuch xcohbe cut xchicavarah rumal mavi vtz caban chique xeqha cate cut xebatzonic. cate cut qui bic chic pa qui catoh che chiri cut xematzehe vi e mucumuxinac chic chiri ta xe cuchu cu quib ronohel chicop xa hun xquizep vi quib ronohel chuti chicop nima chicop are puch tiquil v qux acab ta xepetic xechaviheic cono hel ta xepetic are qui qhabal ri iaclin che iaclin caam xeqha ta xepetic quenebebic xeche xecaam, ta xeyopihic, ta xecutun cu chiquivach are cut vna be ri coh balam xrah cu quichapo maui xuya rib ta xyopih chic queh vmul xacu chuhe xqui chap vi xacu xcupucub canahoc v he queh pa quicab ta xucam ri vhe queh ruq vhe vmul ri xzcatac qui he macu xquiya quib ri yac vtiu aε ziz xeicouic conohel chicop chi quivach ri hun ahpu xbalanque chi catat chicut qui qux rumal ri ma habi xquichapo. xpe curi hun chic vxambe chic catzotzotic ta xpetic cate cut xquicateh xquize cut pa cat ri cho cate puch xquichapo, xquiyoteh puch chirih vvi xrah quibio xquiporoh vhe chuvi εaε ta xucam ri vhe cho, mahabi rizmal uhe are naipu vbac vvach ta xrah bÿc cumal qaholab ri hun ahpu xbalanque, mata quica mic ivvmal mavi are ipatan ri abixic qo ive xqhari ri cho apa qovi que chabÿh na cut xeqha curi qaholab chire cho la quin itzocopih tanabala qo nu tzih chi nu pam cate cut chinbÿh chive chiya tana zquin vecha xqha ri cho, ate chicayao avecha chabÿh na xuqhaxic vtzbala are bari rech icahau ri hun hunahpu vvcub hunahpu vbi ri xecam chi xibalba qo cu canoc ri quetzabal xequel canoc chuviha ri qui bate qui pachcab qui quic puch, xa maui caεut chi vach rumal ivatit rumal ri are xcam vi icahau maquitzih auetaam, xeqha curi qaholab chire cho nim xquicot qui qux ta xquitao vtzihel quic ta xubÿh cho ta xquiya cut recha cho are curi recha ri ixim zaquil ic, quinac, pec, cacou, are cut avech ri uve naquila cuvvn chimezcutahinac auech cut chacuxu xu qhax curi cho cumal hun ahpu xbalanque. vtzbala ixqaholab naquila cu quinvvchah vve quiril ri ivatit xqha cut maui chitzac aqux oh qolic cohnohinic qo ruqhaxic ri catit, xahu zu cacaya acanoc xiquin ha ta cuhoco apanoc huzu catopon chiri xequel vi chiri cut caquil vi putumha xapa cati caquil vi xeqha cut chire cho, ta xquipixabah hun acab xcam qui naoh ri hun ahpu xbalanque qui cu tiquil quih xeoponic.",4660
28,"Macu calah ri cho cucaam ta xeoponic hun ri yacalic xoc paha, hun cu xoc xiquinha libah chi xuya acanoc ri cho ta xquitzonoh cut qui va chire catit xa chicutu ca ti cacaraih ri cutum ic ix catit xeqha cut. cate cut xcut qui ti hun lac vvaal xtiquibax chiquivach xavi qui michbal re catit qui chuch puch xquitzahizah cuha paquebal qui tzih chaquih cachi chicama cuquia xeqha chire catit ve xqha cut ta xbec are cut queva canoc macu qui tzih ta quenumic xa qui moyvachibal xquibano ta xquil cut ri cho chupan cutum ic colon vloc ri cho chirih quic xequel vi puvi ha ta xquilo pa cutum ic ta xquitac cut hun xan ri chicop ri xan queheri uz xopon chi a. are cu xvoro vvach quebal atit xa yacal ha chel chuvach vque bal chutiho xma chitzapitah vi v vach quebal. naquipa mi xuban ri catit oh hizabah chiya cohvtzin rumal chaquih chi xeqha chic chire qui chuch ta xquitac vbic. cate cut xu cacat vla cho ri quic xcah vla pu tum ha ruc bate pachcab q,uum xquimahixtah cut cate xbe quevah pa be vbeel hom cate cut xebe chic ruq catit chiya catahin curi catit qui chuch tzapi vvach quebal huhun cate cut ta xeoponic huhun chi cu chi vvb ta xeoponic chiya, na quipa mi xibano xa mi xcoz ca qux xohpetic xeqha. chivila na vvach nu quebal maui catzapitahic xqha catit. libah chicut xquitzapih chic hunam cut xepe chic, enabe chuvach catit quehe cut vcanaic quic ri.",1352
29,"Quequicot chicut xebec e chaa hel, pahom naht cu xechaahic qui tuquel xquimez rihom quicahau ta xquita cu vloc rahaual xibalba apa china chiri mi xutiquiba chic etzanem pacavi mapu quequixbic quenicnot vloc. mapu xecam ri hun hun ahpu vvcub hun ahpu xrah quinimarizah quib chi cavach hecu itaca chic xeqha chic ri hun came, vvcub came conohel ahauab xetaca vloc xeqha cut chire qui zamahel quixqha quixoponic que petoc queqha ahauab varal tah cohchaah vi cuq vvcubix cohetzanic quecha ahauab quixqha quixoponic xevqhax cut ri zamahel ta xepe cut nimahoc cu quibe ri qaholab chicochoch ca tocol chicochoch xa cu yacal ri zamahel xopon ruq catit are cut quechahic ta xul canoc vzamahel xibalba quitzih quepetic quecha ri ahauab xeqha cut ri vzamahel xibalba ta xchoye cu canoc qui quih cumal ri vzamahel xibalba vvcubix quetzelavachixic xuqhax canoc xmucane vtzbala. xquebe tac oc ixzamahel xqhari atit, xebe curi zamahel xezalihic ta xquiz cut v qux ri atit naqui xchiuvchah qui taquic ri vÿ, mavi quitzih ri xibalba xa quehe rulic zamahel oher ta xebe camoc ri qui cahau xqhari catit quz choc paha vtuquel cate cut xcah vlo hun uq chucayac cate cu xuchap acanoc ta xuya cut pu cab chimalmatib curi uq xbinic at vÿ chauah tah canutaco quebeta ataca ri vÿ pahom xuchax ri vq ta xbec taconel mi xul zamahel ruq ivatit caqha catoponic vvcubix cut queoponic cacha vzamahel xibalba caqha ivatit caqha xuqhax ri uq ta xbec chimalmat cut xbec, cubul curi qahol pabe tamazul vbi ri xpec apa catbe vi qha curi xpec chire uq qoba nu tzih chinupam quinbe cuq qaholab xqha ri uq chire tama zul vtzbala maba catanaic cavilo xuqhax cu uq rumal xpec machauah canubico chauilana pe quinanic va xcohopon chanim. vtzba la xqha ri vq chirech xpec cate cut ta xrictaxic rumal xpec chibec nah curi xpec ta xbec chi maui caanic, cate cut ta xucul chicut hun nima cumatz zaquicaz ubi a pa catbe vi at tamazul qahol xu qhax chic ri xpec rumal zaquicaz? in zamahel qo nu tzih chinu pam xqha chicut xpec chire cumatz maba catanic cavilo in taon xquinopon chanim xqha cu cumatz chire xpec. catoho xuqhaxic cate cu xbic chic ri xpec rumal zaquicaz, ta xucam ri recha cumatz quebicou xpec vacamic. chan curi cumatz ta xbec xculutah chivi cut ri cumatz rumal vac nima tziquin xbic chivi ri cumatz rumal vac cate pu xopon ri chuvi hom ta xucam recha ri xic quetiou cumatz pa tac huyub ta xopon puch ri vac xqhacachob chuvi v zutzil hom quequicot curi hun ahpu xbalanque quechaahic ta xopon cut ri vac ta xoc curi vac vac co, vac co xqha roquibal vac co naquipa ri choquic peta ca vvb xe qha.",2559
30,"Cate puch xquivvbah ri vac quicu tacal vbac vvb chu bac vvach chizelet cut xcah vloc quitzih vi cut xbe qui chapa cate xquitzo noh hupa apetic xeqha chire vac qoba nu tzih chinupam chicunah tana vbac nu vach nabe cate cut xchinbÿh xqha ri vac vtz bala xeqha cut cate xquelezah zcaquin rih quic ri chaah xquicoh chi vvach ri vac lotz quic xubinaah cumal libah chicut xcachoh cumal vtz chic vmucubal ri vac xuxic, chabÿh cut xeqha chire vac cate cut xuxavah nima cumatz, caqhauoc xeqha chic chire cumatz ve xqha chicut ta xuxauah chi xpec naquipa ata qui quil catzihonoc xuchax chicuri xpec qoba nu tzih chinupam xqha chicuri xpec cate cut xutih xabic mahabi xuxauah xaquehe chucaxah vchi chutiho xma qo vi chuxauah cate cut xrah chaiiε cumal qaholab at qaxtoq xuqhaxic ta xiic v varachac chi acan, xcah cu baquil v varachac chi acan xutih chicut xa quehe chuchub vchi cate puch xquirech vchi ri xpec xrech cumal qaholab xquizucuh pu chi xa cu nacal ri uq chu vare xpec xa pu chi qo vi mana xubico xaquehe xabic quehe cut xchacatah vi ri xpec maui calah vvach recha xquiyao ruq maui qhanic xa v chac cumatz xuxic. catzihonoc xuqhax chicut ri uq ta xubÿh cu vtzih caqha ri ivatit ixqaholab he ataca xul tacol que cape chi xibalba vzamahel hun came, vvcub came vvcubix quevlic varal cohchaahvi chipe ri quetzabal quic bate pachcab, q,uum are chicaztah v vach varal queqha ahauab xul quitzih cacha ri ivatit ta xipetic qui tzih caqha ri ivatit coquic caziquinic ivatit xipetic maquitzih xeqha cut qaholab chiquiqux ta xquitao huzu xepetic xeopon cut ruq catit xa e pixabai chire catit xebec.",1586
31,"ho na ixcatit xaoh pixabay ive vae cute retal catzih xchicacanah huhun xchicatic chire va ah chunicahal cochoch xchi catic vi are retal ca camic ve chichaquihic mipa xecamic quix qha ta chichaquihic ve cut ta chipe vtux epa cazlic quixqha cut ixcatit ix pu ca chuch mi xoquic qo retal catzih cacanahic ivvq xeqha. ta xebec hun xu tic hun nahpu, hun chi cu xticou xbalanque xa paha xutic vi mana pa huyub tah mana ipu parax vleu tah xa pa chaquih vleu chunicahal vpa cochoch xquitic vi canoc. ta xebe cut huhun chi vvb chique xecah chi xibalba libah chi xecah chua cumuc xeicou. chivicut chupan hal ha zivan xachu xol q,iquin xeicou vi are ri q,iquin molai quibi xeicou chicut pa puhia pa quiquia chacbal ta que chiqui qux xibalba maui xquiyicou xa chirih vvb xeicou vi xeel chicu apanoc pa cahib xalcat be xa xquetaam vi cut qui be xibalba queca be zaqui be, ca ca be, raxa be chiri cut xquitac vi hun chicop xan vbi are camol quita xquitac vbic huhunal queatio nabe chati ri na be cubulel chatzaconizah qui tiic conohel xa vech vi cut chatzubah vi vquiquel vinac pabe xuqhaxic ri xan vtzbala. qha curi xan ta xoc pa queca be ta cal cu chirih ri poy ahamche nabe culel e cautalic nabe cut xquitio maui xqhavic xuti chicu. ta xuti chi vcab culel machivi x qhavic. xuti chicu rox cachi rox culel qovi hun came aqui, xqha cut hun ta xtiic naqui ahi xqha hun came naqui hun came naquila mi xitiouic xahina quichila mi xitiouic xqha chic vcah culel. naqui vvcub came naquila mi xitiouic xqha chi roo culel. ahi ahi xqha na xiquiripat, xqha vvcub came chire naquila mi xitiouic xcha chic xtiic vvacac culel ahi, naqui cuchumaquic xqha xiquiripat chire naquila mi xitiouic xqha chic ta xti vvc culel ahi xqha chic. na qui ahal puh xqha cuchumaquic chire naquila mi xitiouic xqha chic ta xti chic v vahxac culel ahi xqha chic. naqui ahalcana xqha chi ahalpuh chire, naquila mi xitiouic qha chic ta xti chic vbeleh culel ahi. xqha naqui chamiabac xcha ahalcana chire naquila mi xitiouic xcha chic ta xti chic vlahuh cubulel ahi naqui qha mia holom xqha chamia bac na quila mi xitiouic xqha chic ta xti chic vhulah culel ahi xqha chic naqui qha chic chamiaholom chire naquila mi xitiouic xqha chic ta xti chic vcablahuh culel ahi xqha qhic naqui patan xqha chic chire naquila mi xitiouic xqha chic ta xti chic roxlahuh culel ahi naqui, quic xic qhapatan chirech naquila mi xitio vic xqha chic ta xti chic vcahlahuh culel ahi naquila mixitiovic xqha chic quic rixcac xqha quic re chirech quehe cut vbixic quibi ri xquibÿh conohel chiquibil quib xqui cut vvach xquibÿh qui bi huhun chiholoman vbixic cumal are chibÿn vbi hun ri cubul chuxucut mahabi hunoc xquizach v bi quiz quibÿh quibi conohel ta xeti rumal rizmal v vach vchec hun ahpu xumich vbic mana quitzih xan ri xetiovic xbetao quibi conohel rumal hun ahpu xbalanque. cate cut ta xebec ta xe opon puch chila e qovi xibalba chi quihila ahau xqhari cubulic xqha huntac chiinel maui are ahau ri xa poy ahamche ri xe qha ta xeoponic cate cut ta xecalainic calata hun came, calata vvcub came, calata xiquiritap calata cuchumaquic. calata a hal puh, calata ahalcana, calata chamia bac, calata chamia holom, calata cala xic, cala ta patan, calata quic re, calata quic pixcac. xeqha ta xeoponic ronohel xquiz cut vvach xquibÿh vbi ronohel mahabi hun xquizach vbi are ta xahauax chiquech mata xcanai vbi cumal quixcu vloc xevqhax cut xerah oc chuvi tem macu xcah maui are catem ri xa chohim a bah ri tem xeqha hun ahpu xbalanque mavi xechacatahic vtz bala. xabahix paha xevchaxic cate cut ta xeoc pa queεumaha maui xechacatahic chiri are nabe vtihobal xibalba ri xeoc vi quechi cu vticaric quichaca tahic ta chic chiquiqux xibalba nabe xeoc paqueεumaha cate cut ta xbeyaoc quichah catilovic ta xoponic ruq huhun qui zic rumal vzamahel hun came, vae quichahe cacha ahau chul quiya chic ri chah zacaric ruq ri zic chul qui moloba cacha ahau xqha zamahel ta xoponic vtzbala xeqha cut ma cu xquitzih ri chah xa εaεahv quexvach xoquic, are vhe caquix queheri chah xquilo varanel. are chicuri zic xa εaεa chicop xquicoho chuvi zic hunacab chiyocouic cumal mi xecachaco xeqha varanel macuhabi xquiz ri chah xavi xe re vvach are curi zic mahabi na quila xquitzih chire; xavi xere vvach xbeyaoc cuq ahauab naquipa quevxic apa xepevi achinac xeqaholanic xealanic quitzih cacatat caqux rumal ma vtz caquibano chique, halan qui vach halan naipu qui qoheic xe qha chiquibil quib. ta xetacon cut conohel ahauab oho chahoc ix qaholab xevqhaxic ta xetzonox cut rumal hun came, vvcub came apa quix ixpevi chibÿh tah ixqaholab xqha cut xibalba mavi que taom xa xeqha chique alaba xohpe vilo maui quetaam xa xe qha maui xquibÿ vtzbala xa ca be cacachaah ixqaholab xe qha xibalba chiquevtz xechare ba chicacoh ri va caquicxeqha xibalba. matah areta chi coh va quexeqha qaholab. maha bi are chicacoh va quexeqha chic xibalba. vtz balaxeqha qaholab hebala xahuchilxe qha xibalba, mabala xa holom cohqhachic xeqha qaholabma habi xeqha xibalbavtz bala xqha hun ahpu ta xzac cu vloc rumal xibalba quicutacal chu vach vbate hun ahpu cate puch ta xquil xibalba ri zaquitoc ta xel chupan riquic chitzininic xbe he chua tac vleuh ri chaa. naquipala xqha ri hun ahpu xbalanque xa camic quivah chiquech mata xohbe itaca, mata pu xbe izamahel quitzih tocob cavach xa cohbec xeqha qaholab chique. are tacu xahauax chique qaholab huzu ta xcam ri hun chi ri chiri chi cha xechacatah tah maui quehe xa xibalba xechacatah chic cumal qaholab maba quixbec ixqaholab cohchah na xa are cacacoho ri ivech xvqhax cut qaholab vtzbala xeqha cut are cu xocri qui quic ta xcah cuchaah. cate cut ta xquichoi qui chacon; naquipa chicachaco xeqha xibalba he na quicut xa xeqha qaholab xa cacha cacah cahzel coq,ih xeqha xibalba vtzba la naquipa chi coq,ihal xeqha qaholab chique xïbalba huticab cacamuchih huticab zaqui muchit huticab cana muchit. huticab cu ri nimac xeqha xibalba. vtzbala xeqha cut qaholab ta xcah cut qui cha ah hunam qui chucab tzatz pu qui cha ri qaholab, xacu qui rutz qui qux ta xquiya quib chicha catahic ri qaholab. quequicot cut ri xibalba ta xechacatahic: vtz mi xcabano nabe mi xecacha co xeqha xibalba apa xchibe qui camavi ri coq,ih xeqha chiqui qux. qui tzih ta acab chiia ri ca coq,ih cachacom puch xe vqhax puch qaholab hun ahpu xbalanque rumal xibalba vtzbala acaba chicut cohchaahic xeqha cut ta xepixaban quib cate chicut ta xeoc chi qaholab pa chaim ha vcab tihobal xibalba are ta cut xahauax chic xecatacox tah rumal cha chanim tah chiquiqux xecam tah chiquiqux macu xecamic ta xeqha chire cha, ta xquipixabah are ive ri ronohel v tiohil chicop xeqha chire cha macu xezilab chic, xa hun cah chivi cha ronohel are cut e qo chi chiri pa chaim ha chacab ta xquiziquih ronohel zanic. chai zanic chequen zanic quixpetoc, quixoho ivonohel ohicama ronohel vvach cotzih qui chacon ahauab vtzbala xeqha cut ta xebe curi zanic conohel e camol cotzih v ticon hun came, vvcub came mier oc cut chiquipixabah chahal qui cotzih ri xibalba laqui chivila ca cotzih miya chi elecaxic rumal ri mi xecachaco ri qaholab a navi xpevi rilo cachacon cumal mahabi chivarah hun a cab vtzbala xeqha cut macu xquina ri chahal ticon xaloc chiquiracuh qui chi chucab tac che ticon puch quebe chacala chiri xavi xere chiquiqhabeh ri quibix xpurpuvec, xpurpuuec qhari hun ta choquic pu huyu, puhuyu chachic ta choquic ri puhuyu vbi e caib chichahal ticon vticon hun came vvcub came macu caquina ri zanic elecai qui chahem cabolovic catucuvic erai cotzih ri cabe catova vloc cotzih chuviche re ca zicou cuq chuxeche ri coq,ih xa quehe chiquiracuh qui chi ri chahalib mana re caquinao ca qux quihe ca qux quixic are caquirixic coq,ih cacacah vloc re cazicouic, re cabe catoua vloc libah chicut xnoh cahib zel coq,ih tiquitoh chicut ta xzaquiric. cate cut ta xul zamahel taconel quepetoc caqha ahau huzuc chiquicam vlari cachacon xevqhax cut qaholab. vtz bala xeqha cut qui tiquelaon curi cotzih cahib zel ta xebec ta xeopon cu chiquivach ahau aha vab cucaam cotzih quz v vach quehe cut xechacatah vi xibalba, xa zanic xquitac ri qaholab xahuna cabil xquichap zanic ta quiya pazel. quehe cut xezac cahe ri conohel xibalba zacbuc quivach rumal ri cotzih cate cut xquitac ri chahal coq,ih na qui pa rumal mixia ca cotzih chi elecaxic are ca coq,ih vae cauilo xevqhax chahal maba xcanao at ahau minare xcuyu cahe xe qha cut cate puch xhix quichi quitohbal quichahin chielecaxic quehe cut quichacatahic hun came vvcub came cumal hun ahpu xbalanque v xe ribanoh ri. ta xquicam ri qui chi herebac quichi purpuec herebac vacamic cate chicut ta xcahchaah xaui xe re hunam quechaahic xque leh chicu chaah ta xepixaban chicu quib zacaric chic xeqha xibalba vzbala xeqha qaholab ta xqueleh.",8671
32,Xeoc chicut pateuh ha maui ahilan teu tzatz chi zacbocom chupan ha rochoch teu huzu cu ztzah teu rumal cutz ma maina xzach ri teu cumal qaholab maui xecamic xavi e qazlic ta xzaquiric areta cu xcah xibalba chirita xecam vi maui quehe xavi qutz qui vach ta xzaquiric xequel chivla tacol que xebe chic e chahal na qui pala maui mixecamic xqha chi rahaual xibalba xquimaihah chic qui banoh qaholab hun ahpu xbalanque,413
33,Cate xeoc chicut pabalami ha tzatz chibalam balam rochoch maui cohitio qo ivech chuxic xevqhaxic balam cate cut xquipuquih bac chi quivach chicop cate cut quepacaquic chiri chuvi bac mi cu xevtzinic mi xutih qui qux cateviri mi x xquia quib are quibaquil ri caxuxic xeqha ri varanel conohel qui quiqux chire macuxecamic xavi xere vtz quivach xeel vloc pabalami ha naquipa quichi e vinaquil apa qui xepe vi xeqha ri xibalba conohel,430
34,"Cate chic xeoc chupam εaε hun ha chi εaε, xa vtuquel εaε v pam maui xecatic rumal, xa bolol, xa tzimah vi xavi xere vtz chi quivach ta xzaquiric a reta cahauaxic huzuc ta quecamic chupan ri, queicou vi maui quehe xavi cazach qui qux xibalba rumal.",247
35,"Xecoh chic chupan zotzin ha vtuquel zotz chupam chiha hun ha chi camazotz nimac chicop queheri cha quitzam qui camizabal huzu chutzinic chopon chi quivach. xeqohe cu chiri chupam xa pa vvb xevar vi ma vi xetÿc rumal ri e qo pa ha chiri cut xquiya vi quib hun vi rumal hun chi cama zotz chicah xpe vi carah cu mucum vloc chu tcom vvb xavi v cutbal rib ta xquibano rumal qo caquitzonoh vi qui naoh hun acab curi zotz quebuhuhic quilitz quilitz queqha, queqha hunacab. xtane curi zcaquin mahabi chic quezilobic ri zotz chiri cu chacal vi ri hun tzam vvb. xcha curi xbalanque hunahpu cahanic pa vzaquiric cauilo cahanican labalo vila na xqha cut qui cu are carah mucum vloc chuchi vvb carah ril vloc vzaquiric cate puch ta xcupix vholom rumal cama zotz cupul chi canoc vnimal ri hun ahpu hu chalic ma mi xzaquiric xqhari xbalanque mahabi chic chizilobic ri hun ahpu hupacha maxaon mi xbec hun ahpu hupacha mi xabano mahabi chic chizilabic xaquichicozoz chic cate cut xuquixbih xbalanque araroc mi xcayayan xcha cut chila cut xbe colana vi vholom chuvi hom xavi vtzih hun came vvcub came quequicot curi xibalba conohel rumal vholom hun ahpu cate cut ta xutac chicop ronohel ziz, aε. ronohel chuti chicop, nima chicop chacab xavi xare racabal ta xutzonoh cut quecha na qui tac pa ivecha chi huhunal are quixnutac vi chicam vl oc ri ivecha xqha cut xbalanque chique vtzbala xe qha cut ta xebec e camol rech ta xevl he cut conohel qo xa cumar rech xbevcama, qo xa tzalic xbevcama, qo xa abah xbevcama, qo xa vleu xbe vcama halahoh quecha ri chicop, nima chicop quipu ca v xambe canahoc ri tziz coc xbe vcama cubalcatih chu tzam capetic are cut xoc halvachibal vholom hun ahpu libah chi xcotox vbac v vach tzatz chi ahnaoh chicah xpevi are v qux cah huracan xulcoloc xuluculoc chiri pa zotziha macu atan xutzinic v vach vtz chic xuxic xa uixare vchuuc hebel xvachinic xavi xare xqhauic are cut ta chirah zaquiric chi cactarin vxe cah caxaquinachic ama xuchax ri vuch ve xqhari mama ta chi xaquinic cate ta chiqueεumar chic cahmul xaquin ri mama. caxaquinvvch caqha vinac vacamic. xa cu cacraxutzinic ta xutiquiba vqohic ma vtz cha chux cut hun ahpu he vtz xqha cut xavi xare chvbaquitila vholom quehe ri quitzih v holom xuxic. cate cut ta xquiban quitzih xepixaban quib mana qui catchaahic xa quichaye cuh auib xainhun quiquibanouic xqha xbalanque chire cate cut ta xupixabah hun vmul catqole ta chiri chuvihom chivi catqohe vi chupan pixc xuqhax vmul rumal xbalanque chopon na quic avq cate catelic ca in quibanouic xuqhax ri vmul ta xpixabaxic chacab cate cut ta xzaquiric xavi xare vtz quivach qui cabichal.",2601
36,"Xcah chicu quichaah colan chicu vholom hun ahpu chuvi hom. mi xcachacoyan, mi xibano quiyan mi xiyao xevqhaxic xa vi cu xere chiziquin hun ahpu chacaca ri holom chi quic quevqhaxic macu chiquicacaxou chic chiyecoub quib. are cu xetzacou quic rahaual xibalba xucul cut xbalanque tacal curi quic chuvach bate chitanenic ta xelic huzu cu xicou quic chuvi hom xahun xacanab vi tacal pa pix ta xel curi vmul chicoxcotic ta xbec ocotal cut. ta xbe cumal ri xibalba quehuminic, quechaninic xebe chirih ri vmul xe quiz be conohel xibalba. catecut xquicami xtah ri vholom hun ahpu. xtiquixtah chic vcoc xbalanque are chicut xbe quicuba ri coc chuvi hom quitzih holom chicu vholom ri hun ahpu quequicot chicu qui cabichal. are cut quebe tzucuna quic ri xibalba cate cut xquicami xtah chiri quic pa pix, ta xeziquin chicut quix petoc vae quic que mi xcarico. xeqha quicolem chicut ta xeul xibalba na qui pa ri mi xquilo xeqhacut ta xquitiquiba chicut chaahic. hunam chaahic chicut xquiban chic qui cabichal cate cut xcacatah ri coc rumal xbalanque chipucabin ri coc xcah pa hom zaquiram curi vzaquilal chiqui vach. na qui pa ri chibe icama apa qo vi ri camol re xqha xibalba. quehe cut qui chacatahic rahal xibalba rumal hun ahpu xbalanque nima caxcol xecohe vi maui are xecam vi ri ronohel xban chique.",1292
37,"Are cut vae quinabal quicamic hun ahpu xbalanque are va qui nabal qui camic xchica bÿh chic. ta xepixabah cut xquibano ronohel caxcol rail xban chique maui xecamic rumal vtihobal xibalba maui xechacatahic rumal ronohel tionel chicopo qo chi xibalba cate cut ta xquitac chi caib nic vachinel queheri e ilol are qui bi va xulupacam e etamanel v ve cohtzonoxic chive cumal rahaual xibalba rumal ri ca camic quinaoh caquinuc rumal ri maui mi xohcamic, ma pu mi xohchacatahic mi xcazach quitihobal, ma xa chicop choc chique, are cu retal va chi ca qux chohim abah camizabal que cumal mi xecuchu quib ronohel xibalba macu quitzih ta cohcamic. are cuina oh va xchicabÿh v ve quix vl tzonobex xoc cumal chire ch cacamic ta cohcatoc naqui xchicuchah ix xulu, ix pacam v ve queqha chive ma vtz lo chicatix ta quibaquil pa zivan v ve maba vtz xavi xere chic chiqaztah quivach quix qha v ve ba are vtz xa chicaxequeba chuvi che ta queqha chic chive. xax ma vtz vi xavi xere chivil chiquivach quixqha ta quecha chicut chiroxmul xa bare rutzil xachicatix quibaquil pa racan ha ve cut quix vchax chic cumal are vtz bala quecamic cate cu vtz chihoc qui baquil chuvach abah que heri chiqueex cahim hal huhunal cu chiqueic cate cu chitix vbic chiracan a chiri cah cua chibe chuti huyub nima huyub quixqha cut ta chicutunizah ri capixab mi xcabÿh chive xe qha xhun ahpu xbalanque ta xepixabic xquetamah qui camic. are caban rinima chohim abah queheri chohibal qui xquiban xibalba nimac xac xquicoho. cate cut xul zamahel achbilai que vzamahel hun came vvcub came quepetoc cohbe. ta cuq qaholab chibeta quila caquixcachohih caqha ahau ixqaholab xevqhaxic vtz bala xeqha cut anim xebec xeopon cut chuchi choh chiri cut xerah chih vi chi etzanem. cachopih vae ri ca qui cahtacmul tah chica xicah chica huhunal ixqaholab xeqhax cut rumal hun came. maui a re cohimich vi ri mapa quetaam cacamic ixahauab chivilana xeqha cut ta xquiculavachih qui vach xquirip qui cab qui cabichal e pu hupuhuh ta xebec pa choh chiri cut xecam vi qui cabichal que quicot chicut ronohel xibalba. tacal qui yuyub tacal qui xul cab mi xecachaco quitzih mavi a tan xquiya quib xeqha. cate cut qui taquic ri xulu pacam xcanah vi quitzih xavi xare xtzonox ri xbe vi qui baquil ta xequihin xibalba xhoc qui ba quil xbe tixoc chi racan a macu xebeta chinah xa huzu xecah chuxe a chaom qaholab xe vxic xavi xere qui vach xuxic xecutun chicut.",2391
38,"Chi robix cut xecutun chix xe il chi ya rumal vinac e caib que heri xavinac car xevachinic ta xil qui vach cumal xibalba xetzucux cut chitac ya xchu eca cut quecutunoc e caib chi meba atziyac quivach atziiac pu quih atziiac cut qui cu mana chibanan ta qui vach ta qui xeilic rumal xibalba hala chicut xquibano xa xahoh puhuy xahoh cux xayboy xquixa ho xa xtzul, xa chitic xquixah chic quiia maihabal xquiban chic xquiporoh ha queheri qui tzih chicatic libah chicut chivi naquir chic. tzatz chi xibalba chicayic cate chiquipuz quib chicam hun chique chipune na chicami naquil nabe chiquicamizah quib xaui xere libah chicaztah vi chi v vach xa quicay xibalba ta chiquibano ronohel xquiban chic v xenaahic chic chacbal quech xibalba cumal.",736
39,"Cate chi puch roponic chic v tzihel qui xahoh chi xiquin ahauab hun came, vvcub came xcha ta xquitao naqui ri ecaib meba la quitzih vi chi quz. quitzih vi pu chi hebelic qui xahouic ronohel caquibano xqha cut quitzihoxic xoponic cuq ahauab quz xquitao ta xbochi cut qui zamahel tacol chique petoc chvl ta quibana cacay quecamaihah tah quecacayih ta puch quecha ahauab quixqha chique xuqhax ri zamahel xeopon cut cuq ri xahol ta xqhav cut quitzih ahauab chique maba chicah rumal ri quitzih cohxobic maxa mavi cohquixbic cohoc apanoc chi ahaual ha rumal qui itzel cavach maxaqui nimac vbac cavach chi meba maxaon ril chire xaoh xahol naquita chicabÿh chique cach meba qo cam curaih naypu ri ca xahoh caquicaztah quivach cuq maquehela cu xchicaban chique ri ahauab quehe cu ma vi cacah vi ixzamahel xeqha cut ri hun ahpu xbalanque xelehebex na qui vach chuvi ra chuvi cax cac rail xebec maui atan xcah benam quiamul xchihic xa chi mach cay zamahel chiquivach camol que ta xebe cut ruq ahau.",987
40,"Xeopon puch cuq ahauab Quemocho chic chiqui xule la qui vach xeoponic xquiquemelah quib chiquiluc quib chiquipach quib chimayoquih chi atziac quitzih vi chimeba qui vachibal xeoponic ta xtzonox cut quihuyubal camac puch. xtzonox naipuch qui chuch qui cahau apa quixpe vi xevqhaxic. maba quetaon at ahau ma ui xquetaamah vvach ca chuch cacahau ca oh chutic oc ta xecamic xa xeqha maui naquila xquibÿh. vtzbala chiban ta ba ca cay naqui chivah yvahil chicayao xevqhaxic. maba cacah quitzih chicacaxibih quib xeqha chic chire ahau. mi xibih ivib mi xxobic quixxahouoc. are ta nabe chixah ri quixpuzu ta ivib chiporoh ta curi vochoch chibana ronohel ri ivetaam cohcay tah cacah are vma ca qux quixbetacoc rumal ixmeba chicaya ivahil xevqhax cut ta xquitiquiba cut qui bix qui xahoh ta xul cut ronohel ri xibalba xepulic e cayel ro nohel cut xquixaho xquixah cux, xquixah puhuy, xquixah yboy xqha cu ahau chique chipuzu ri nu tzÿ chicaztah chi v vach ivvmal xevqhaxic ve xeqha. ta xquipuz tzÿ xqaztai chi vvach quitzih cu chiquicot ri tzÿ ta xqaztah vvach chuzacbizala vhe ta xqaztah v vach xqha cu ahau chique chiporoh naba vochoch xevqhax chic ta xquiporoh cut rochoch ahau e pulinac ahauab pa ha conohel maui xecatic libah chi chic xcutzinizah mana huzu zachic ri rochoch hun came xquimaihah cut conohel ahauab xa vi cu xere quexahouic nim quequicotic xevqhax chicut rumal ahau chicamizah na cu hun vinac chipuzu mata cu chicamic xevqhax cut vtz bala xeqha ta xquichap cut hun vinac cate xquipuzu xquipoεoh cu acanoc v qux ri hun vinac xquicoloba cut chiquivach ahauab xquimaiha chi cut hun came, vvcub came li bah chi cut xqazta chi v vach ri hun vinac cumal nim chiquicot vqux ta xqaztah v vach xquimaihah cut ahauab. chipuzu na china cu ivib chiquiltah quitzih curaih ca qux ri ixahoh xeqha chi cu ahauab vtzbala at ahau xeqha cut cate puch xquipuz quib are cu xpuz ri xhun ahpu rumal xbalanque huhunal cu xperepoxic racan vcab xel vholom xcole aponoc chi nah xcotix vloc vqux xche que chuvach tzalic quecabar curi ronohel rahaual xibalba chicay xacu hun chi caxahouilabic ri xbalanque cavalihoc xqha cut libah chicut xqaztah vvach. nim quequicotic xavi quehe quequicot ahauab. xavi are quebanovic caquicot qui qux hun came vvcub came queheri are quexahovic caquinao.",2268
41,"Cate puch vrainic vmalinic pu qui qux ahauab chire qui xahoh xhun ahpu xbalanque ta xel cu quitzih hun came, vvcub came chibana chique cohipuzu xeqha cut hunal tah cohipuzu xecha cut hun came vvcub came chique ri xhun ahpu xbalanque vtzbala chiqaztah ivach mapa ixqo cam, oh pu quicotirizai ive ix pu rahaual ival iqahol xe qha cut chique ahauab. are cu nabe xpuz ri qui vholom ahau hun came vbi rahaual xibalba. caminac chi cut hun came ta xchap chic vvcub came maui xqaztah chi qui vach cate pu quelic xibalba chi cacan are xquil ri ahauab xe camic e xaraxoh chubic epu xaraxoxinac qui cabichal xa cu cahizabal qui vach xbanic huzuc xucamibeh ri hun ahau mana xquiqaztah chi v vach are curi hun ahau xelah na xoc na chiquivach ri e xahol maui xuculu mapu xurico tocob nu vach xqha ta xuna rib xequiz cubec ronohel cal qui qahol pa nima zivan xa hun xquibalih vi quib panima xolobachan chiri cut etubul vi ta xculun cut maui ahilan chi zanic tuculÿ vla que pa zivan quehe ri xebeyox vloc ta xevl cut xquixul quiya chiquib conohel xeul elahoc xeul pu ococ quehe cut quechacatahic rahaual xibalba, xa maihabal xa pu qui halvachibal quib ta xquibano. cate puch ta xquibÿh qui bi, xquicobizah quib chiqui vach conohel xibalba.",1223
42,"Chitaa cabi xchicabÿh. xchicabÿh naipuch vbi cacahau chive ohva, oh xhun ahpu xbalanque cabi are cu ca cahau ri xicamizah hun hunahpu vvcub hun ahpu quibi oh cu pacol re vae qui rail qui caxcol ri cacahau quehe cut mi xcacuyu vi ronohel caxcol mixiban chique. quehe cut quix cazach vi ivonohel quixcamizah mahabi chic colotahel chive xevqhax cut cate puch que lahic coquic conohel xibalba tocob ca vach ixhunahpu xbalanque quitzih vi xohmacunic chique ri icahau quibÿh la cute e mucul chi pucbal chah xeqha cut. vtzbala areba ri catzih xchicabÿh chive chitaa ivonohel ix xibalba rumal mana nim chiiquih ivalaxic chuxic ruq naipuch mavi nim chi icochibal xzcaquin chic chi quic holomax mavi chahom quic ive xa xot, xa acam, xa chuch chire xheraxic xa naipu ral quim ral tolob chivechah macu ivech ri ronohel zaquil al zaquil qahol xanoh chitzaco rib chivach. are ri ahmac ah labal, ah biz, ah moquen chac na vmac quixoc vi mana xa rax chapom ronohel vinac chibano quixtaon puch chuvi ri quic holomax, xevqhax cut conohel xibalba, quehe cut ticarinac qui zachic vmaixic naipuch quiziquixic. maui nim qui quih oher xa xrah tza vi vinac oher quitzih mana cabavil quibi oher xavi xibal cher itzel qui vach e ah tza ah tucur, e tacchinel chimac chilabal; e naipu ah muculic qux, e quecail zaquiil ah moxvach, ah latzab que vqhaxic. chixeon quivach que culutahic; quehe cut vzachic qui nimal cacal, maui nim chi cahavarem xuxic. are xebanou ri xhun ahpu, xba lanque are cut coquic caziquin ri catit chuvach ri ah cu ri xquitic canoc xpe vtux ri ah cate xchaquih chic are cut ta xecat pachoh ta xpe chicut vtux ri ah cate cut xcaton ri catit xucat ri pom chuvach ri ah vnatabal quech rÿ. are xquicot vi vqux catit ri chu camul xpe vtux ri ah ta xcabauilax rumal catit ta xubinatizah cut nicah ha; ni cah bi choc. cazamah chatam vleu vbi xuxic are cut xubinaah vi nicah ha, nicah bichoc rumal xa chunicahal vpa cochoch xquitic ah. are chi cu xubinaah vi chatam vleu cazam ah chuvi chata vleu quitic vi ah. are nai pu xubinaah vi cazam ah rumal xpe vtux ah ta xcoh vbi rumal xmucane xquitic canoc hunahpu xbalanque xanatabal que rumal atit. are curi nabe quicahau xoheroc quecamoc ri hun hunahpu vvcub hun ahpu xquil chicut v vach ri qui cahau chila chi xibalba. xqhau chic qui cahau chiquetax xquichac xibalba.",2301
43,Va cute vviquic chic qui cahau cumal are xquivic ri vvcub hunahpu chila xbe quivica vi chi pucbal chah xavi xere v vach xrah vxic xtzonox cut chire vbi ronohel vchi vtzam vbac vvach xuric nabe vbi xacu zcaquin chic xchatah vi xere maui xu bÿh chi vbi ri vhunal puil vchi xerepu xchatah chivi quehe cut ta xquinimah vi canahoc v qux qui cahau xaui xcanah chi pucbachah chiri quixziquix vi chuxic xeqha chivqahol chirech ta xcubax vqux nabe chel ive nabe naipuch. quixquihiloxic rumal zaquil al zaquil qahol maui chizachic ibi ta chuxoc xe qha chirech qui cahau ta xquicuba vqux xa oh pacol icamic izachic caxcol rail xban chiue quehe cut qui pixabic ri xchacatahinac oc ronohel xibalba ta xeacan culoc varale nicah zac huzu cu xeacan chicah. hun cu quih hun naipu ic chique ta xzaquiric vpam cah v vach vleu chi cah xeqoheui are cut cachacanic ri omuch qaholab xecam rumal zipacna are cut cachbil xuxic e vchumilal cah xevxic.,925
44,"Vae cut vtiqueric ta xnaohix vinac ta xtzucux puch ri choc vtiohil vinac xeqha cut ri alom qaholom, e tzacol bitol tepeu cucumatz quibi mi xyopihic vzaquiric mi xtzac vtzinic, mi pu xcaleic tzucul cool zaquil al zaquil qahol mi xεale vinac v vinaquil v vach vleu xeqha, xmolomanic xulic xbe quinaoh chi queεumal chi aεabal ta xquitzucuh xquipucuh puch xenaohinic xebizon puch varal quehe cut xel via ponoc qui naoh zaquil calal xquirico xquicanaizah puch ri xoc vtiohil vinac xazcaquin chic ma ui cauachin quih ic chumil pa qui vi e tzacol bitol.",546
45,"Pan paxil, pan cayala vbi xpe vi εanahal zaquihal.",50
46,"Are cu qui bi chicop va camolre cha. yac, vtiu, quel, hoh e cahib chi chicop xbÿn vtzihel εanahal zaquihal chique chila quepe vi pan paxil xcut vbeel paxil are cut xquirico rÿ echa are cut xoc vtiohil vinac tzac, vinac bit ha cut vquiquel vquiquel vinac xuxic are xoc cumal alom qaholom ri hal. quehe cut xequicot vi rumal ri vriquitahic vtzilah huyub nohinac chi quz tzatz chi εana hal zaquihal tzatz naipuch chipec chi caco maui ahilan tulul cauex quinom tapal, ahache cab nohinac quilah echa chupan ri tinamit pan paxil pan cayala vbi qo vi echa v vachinel ronohel chuti echa, nima echa, chuti ticon, nima ticon xcut vbeel cuma chicop ta xqueex cut ri cana hal zaquihal beleheb cu vcaal xuban xmucane echa xoquic ruqha ropenal xvinaquir vεabchial v εanaal vinac xuxic ta xquiban ri alom qaholom, tepeuh cucumatz quevqhaxic cate cut xquicoh patzih vtzaquic vbitic canabe chuch cahau xaεana hal zaquihal vtiohil xa echa racan vεab vinac ri e canabe cahau e cahib chivinac tzac xa echa oquinac quitiohil.",1004
47,Vae quibi naabe vinac xetzaquic xebitic. are nabe vinac ri Balam qui tze. vcab chicut Balam acab. roxchi cut Mahucutah. vcah cut Iquibalam. are cu quibi ri canabe chuch cahau.,175
48,"Xa tzac xa bit que vqhaxic mahabi quichuch mahabi quicahau xa vtuquel achih chicabÿh mana ixoc xealanic ma naipu xeqaholaxic rumal ri ah tzac ahbit ri alom qaholom xa puz xa naual quitzaquic qui bitic rumal ri tzacol bitol alom qaholom, tepeu cucumatz. ta xevinac vachin cut e vinac xevxic xeqhavic, xetzihon puch xemucunic, xetaon puch xebinic, xechapanic, e vtzilah vinac e chaom achihil vach qui vachibal qo quxlab xuxic xe mucum naipuch huzuc xopon qui mucubal xquiz quilo, xquiz quetamah ronohel xecah vue quemucunic libah chi chiquizol vachih chizolmucuh puch vpam cah upam vleu mahucatahil na chiquilixtah ronohel maquebin tanaon nabe cate ta chiquil ri vxecah xavi chire e qovi ta quemucunic tzatz quetamabal xuxic xicou qui vachibal pache, pa abah pa cho, pa palo, pa huyub, pa tacah. quitzih vi chi eloεolah vinac ri balam quitze, Balamacab, mahucutah, iquibalam.",873
49,"Ta xetzonox cut rumal ri ahtzac ahbit huchalic iqohei quinao maqui xmucunic ma quixtaonic, ma vtz ichabal ruq ibinibal quixmucuna na cut chiuila vxecah maεalah huyub tacah quivilo chitiha na cut xevqhaxic cate puch xquiz quil ronohel vxe cah cate cut qui camouanic ri chire tzacol bitol quitzih vi chi camul camo oxmul camo mi xohvinaquiric mi pu xohchiinic, xoh vachinic cohqhauic, cohtaonic cohbizonic cohzilabic vtz cacanao xquetamah nah nacah mipu xquilo nim chutin vpa cah vpa vleu camo cut chive mixohvinaquiric ohtzac, ohbit mixohvxic at catit, at camam xe qha ta xquicamouah quitzaquic quibitic. xquiz quetamah ronohel xquimucuh cah tzuc cah xu cut vpam cah vpam vleu macu vtz xquitao ri ahtzac ahbit mavi vtz ri mi xquibÿh catzac ca bit mi xquetamah ronohel nim chutin queqha.",785
50,"Quehe chicut vcamic chic qui naoh alom qaholom hucha chic chicaban chique xata nacah chopon vi qui mucubal xata zcaquin v vach vvach vleu chiqui lo mavi vtz ri caquibÿh mapa xatzac xabit quibi xalabe e cabauil quevxi chic vve maui quepocotahic quequiritahic ta chauaxoc ta zaquiroc vve mavi chiquiiaric ta chuxoc? xa cayo ho chi zcaquin chic qo chi carah mavi vtz cacanao. xapa xchihunamatah quibanoh cuq ri naht copon vi quetamabl quilon ronohel xevqhaxic rumal vqux cah huracan, chipicaculha, raxa caculha tepeu cucumatz alom qaholom, xpiyacoc, xmucane tzacol bitol quevqhaxic ta xquiban cut vqoheic chic qui tzac qui bit",623
51,"Xa cu xvabax vbac qui vach rumal ri vqux cah xmoyic quehe ri xuxlabix vvach lemo xmoyomobic vbac qui vach xanacah chic xemucun vi xere chi calah ri e qo vi quehe cut vzachic quetamabal ruq ronohel qui naobal e cahib chi vinac, vxe vticaribal quehe cut qui tzaquic quibitic nabe ca mam ca cahau rumal vqux cah v qux vleu ta xqohe chi cut qui culel quixoquil puch xuxic xavi cabauil xnaohin chic quehe ri xa pa varam xquicam xquicam vi quitzih e hebel chi ixoc qo ruq balam quitze balam acab, mahucutah iquibalam, qo chi quixoquil ta qui xeqaztahic anim xquicot chic qui qux rumal qui culel are cu qui bi quixoquil va. caha paluna vbi rixoquil balam quitze chomiha vbi rixoquil balam acab. tzununiha vbi rixoquil mahucutah. caquixaha vbi rixoquil iquibalam. are cut vbi quixoquil ri e xoccahauab xevxic e pocol vinac chuti amac nima amac are cut vxe quech ri oh quiche vinac tzatz cut xuxic ri ahquix ahcahb mana xa e cahib chic xuxic xere cahib ri qui chuch oh quiche vinac halahoh chi quibi chi qui huhunal ta xpocotahic chila chirelebal quih qui vbi xuxic ri vinac tepeu, oloman, cohah, quenech, ahau chuchax chic vbi vinac chila relebal quih xpocotahic retaam cut vticaric chic rech tamub, rech ilocab xa hun xpevi chila relebal quih balam quitze vmam vcahau beleheb nimha chicaui quib balam acab vmam vcahau beleheb nim ha chinimhaibab. mahutah vmam v cahau cahib nim ha chi ahau quiche oxchob chinamit chi vqoheic mavi zachel vbi vmam vcahau are pocol quirol chila relebal quih xavi xere xpe vi tamub ilocab ruq oxlahuh vca amac. oxlahun tecpan ruq rabinaleb, caεchiqueleb, ah q,inquina ha, ruq puch zacahib, ruq naipuch lamaquib, cumatz, tuhal ha vchabaha, ah chumila ha ruq ahquibaha, ahbatena ha acul vinac balamiha canchahelebbalam colob. xere cut vnimaquil amac ri vca amac qohqha chirech xa vnimaquil ri mi xcacholo. qui chic elenac chirih ri hutac chob chitinamit maui mi xcatzibah qui bi xavi cu chila xpocotah vi vloc relebal quih quia vinac xuxic chi que cumal ta xquiaric maha chalaxoc quih zac ta xequiaric xa hun xeqohe vi conohel e tzatz chi quiqoheic quibinovic chila relebal quih are mahabi chi tzucun quicoon xavi chicah qui chiqui pacaba qui vach mavi quetaam xebe vi naht xquibano ta xqohe pa qui chiri queca vinac zaqui vinac quivachibal vinac qui vqhabal vinac, cay vxiquin, qoley u xecah. qocut huyubal vinac mavi ilo vvach mahabi rochoch xa chuti huyub nima huyub quebec queheri e chuh xeqha ta xqui yahobeh ri huyubal vinac xeqha chila xquil vi relebal quih xa cu hun quiqhabal conohel maha chiquiziquihoc che abah are natal chiquech ri vtzih tzacol bitol vqux cah, vqux vleu xeqha xere qui quxlaan ri re vaxic vzaquiric. xa tzononic chiquibano e ahloε tzih e ahloε e ahnim, e ahxob chiqui pacaba quivach chicah ta chi qui tzonoh qui meal qui qahol acaroc at tzacol at bitol cohauila, cohata moha zaco, mohapizcalih at cabauil chicah chivleuh vqux cah v qux vleu chayatah que tal catzihol chi be quih chi be zac ta chauaxoc ta zaquiroc quita raxal be raxal hoc cohaya vi lianic zaclianic a mac tah vtzilah zac, vtzilah amac tah, vtzilah qazlem, vinaquirem ta puch cohaia vi at huracan chipa caculha, raxa caculha chi pina navac raxa nana vac voc hunahpu tepeu cucumatz alom qaholom xpiyacoc, xmucane ratit quih ratit zac ta chauaxoc, ta zaquiroc. xeqha ta xequilonic xeziquinic xa zelavachin vzaquiric xavi chila quemucun vi relebal quih quila vachin ri iqoquih nima chumil xa chalaxic quih tzihol re vpa cah vpa vleu vbinibal vinac tzac vi nac bit xeqha e balam quitze balam acab, mahucutah, iquibalam coyobeh na vzaquiric xeqha e nimac etamanel e naonel e ahquixb, e ah nim quevqha xic mahabi cuhabioc che abah chichahin e canabe chuch cahau. e xacu xcoz qui qux chiri chiro yobexic quih e quÿ chic ronohel amac ruq ya qui vinac ah quix ahcab xaho oh ca tzu cuh ohpu quila ve qo chi chahin quetala chicaric ri cohtzihon ta chuvach xa qui quehe oh qolic mahabi chahal que xeqha cut e balam quitze, balam acab, mahucutah iqui balam xquitao vtzihol hun tinamit xebevi",3994
52,"Are cut vbi huyub va xebe vi Balam quitze, Balam acab mahu cutah, iqui balam ruq tumub, ilocab, tulan zuiva vvcub pec, vvcub zivan vbi tinamit xeopon vi e camolre cabauil",170
53,"Xeopon cut chila tulan conohel maui ahilan chivinac xoponic tzatz cut chubinic cholon cut relic vloc qui cabavil nabe ri balam quitze, Balam acaab, mahucutah iqui balam quequicotic are ca tzu cum va mi xcarico xeqha are cut nabe xel ri tohil vbi cabauil xequel vcoc ri caxic rumal balam quitze. xel chicu vloc avilix vbi cabauil xrucah Balam acab al hacauitz chic vbi caba vil xucamo Mahucutah. nicacahtacah vbi cabavil xucamo iqui Balam. xere cut rach queche vinac ri xucaam chicut re tamub xaui xere tohil chitamub qo vbi xcamouic vmam vcahau tamub ahauab quetaan cut vacamic, roxchicut ilocab xaui tohil vbi cabavil xucamo quimam quicahau ahauab xa ui quetaam va camic",671
54,"Quehe cut vbinaam vi oxib chiquiche xma xutzocopih virib rumal xa hunam vbi cabauil tohil quiche, tohil chi tamub, chi ilocab xa hun vbi v cabavil que cu mavi xuhach vi rib roxichal queche oxib ri quitzih nimac qui qoheic to hil auilix hacavitz ta xoc chi cut ronohel amac rabinaleb, caεchequeleb, ahq,iquina ha, ruq yaqui vinac vbi va camic. chiri cut xhalcatih vqhabal ri amac halahoh qui qhabal xuxic maui calah chic xquitao chi quibil quib ta xepetic chitulan chiri cut xquipaxih vi quib qo xbechila relebal quih, tzatz cu ri xpe varal. xa cu humahtzuum quicu, mahabi ri vtzilah tac cul tah quicohom xa v q,umal chicop qui cauvbal e meba mahabi quech xa enaual vinac chiquiqoheic. ta xepe chila tulan zu va vvcub pec vvcub zivan qhu chupan oher tzih tzatz chubinic xopon chitulan macu habi εaε xaqui e co ri tohil are curi vcabauil amac nabe xvinaquir vεaε maui calah vvina quiric canicou chic qui εaε ta xquil ri Balam quitze Balam a cab acaroc mahabi ca εaε mixuxic xcoh cam rumal teu xe qha cut ta xqhau cut ri tohil mi xbizonic qo ivech chizach ri εaε qui biih xqha cut tohil chique. ma quitzih at cabauil at catzucuh at pu ca coon at cacabauil xeqha chire ta xquicamovah ri xubÿh tohil. utzbala quitzih in icabauil ta chuxoc in ivahaual ta chuxoc xevqhax ri ahquixb ahcah rumalt ohil are cut que εaεal ri a mac quequicotic rumal qui εaε",1345
55,"Cate puch ta xticaric nima hab are catilo vεaε amac tzatz cut chi zacboch xachic pa qui vi ro nohel amac ta xchup cut qui εaε rumal zacboch mahabi chic qui εaε xuxic. ta xquizonoh chi cut qui εaε ri Balamquitze Balam acab, at tohil quitzih cohvtzinic rumal teu xe qhacut chire tohil vtz mi xbizonic xqha tohil. cate ta xrelezah εaε xubac uloc chupan v xahab cate cut xequicot ri Balam quitze Balam acab, mahucutah iqui balam cate cut xe miquic are cut chupinac chic vεaε amac que vtzin chic rumal teu cate pu qui petic chic etzonoy qui εeε cuq ri Balam quitze Balam acab mahucu tah iqui balam macu caquichih chic rumal teu zacboch xa quelexlot chic quezizot chi puch mahabi e qaz chivi cacoycot chic cacan qui cab maui quechapon chic ta xevlic maquicoh quixna ivq chicatzonoh ta vcoc zcaquin i εaε xeqha ta xe vlic. macuhabi xeculaxic ta xcocon cu qui qux ri amac halan chic qui qhabal ribalam quitze Balam acab mahucutah iquibalam acaroc a xcanah vi caqha bal hupacha xcabano mi xohzachic apa xohqaxtoqax vi xa hun ca qhabal ta xohpe chila tulan xa pu hun ca tzuquibal ca vina quiribal: maui vtz xcabano xe qha cut conohel amac xeche xecaam ta xucut curib hun vinac (Demonium loquens cis) hun vinac chi quivach ri Balam quitze balam acab mahucutah iqui balam xqha curi vzamahel xibal ba: quitzih chi are icabavil ri a re itzucun, are pu vquexvach na tabal re tzacol z ive bitol pu ive mi ia cu qui εaε ri amac cana chiquiyao chire tohil mi vah ahavah abah chiquiya chive chi tzonoh na chirech tohil chire na chipe vi chiquiyao cambal εaε xqha ri xibalba qo vxic queheri vxic zotz inzamahel cumal tzacol ive bitol ive xqha curi xibalba. xequicot chicut xnimar chic chi qui qux ri tohil avilix acavitz, ta xqha u ri xibalba libah chicut xuzach rib chiqui vach, maui xmainic ta xe vl chicut ri amac quevtzin chic rumal teu tzatz chi zacboch chiquecal hab zacbocom puch maui ahilan teu caquiculu queluclutic que chacchot chic rumal teu ronohel amac ta xevl chiri e qo vi balam quitze balam acab, mahucutah iqui balam nim vcatat qui qux chiquimah quichi chiquimah qui vach",2068
56,"Cate puch culic chic e eloεom chiquivach balam quitze, balam aεab, mahucutah iqui balam maqui chitocobah cavach chicatzonoh tucoc zcaquin i εaε maui xuculu mapu xurico, mapu xa hun cochoch, xa pu hun cahuyubal ta xix tzaquic, ta xixbitic chi tocobah ta cu cavach xeqha cut naquila qu chi cuyao chique chicatocobah cu ivach xevqhax cut vtz chicaya puvac chive xe qha curi amac maui cacah ri puvac xeqha cut ri amac balam quitze balam acab naqui pa qui chivah xataba chica tzonoh xe qha chi cut ri amac vtzbala catzonoh na chirech tohil cate cut xchicabÿh chive xevqhax chic cate puch xquitzonoh chire tohil naquipa chiquiya ri amac at tohil cut quitzonoh ri a εaε xeqha curi balam quitze balam acab mahucutah iqui balam. vtzbala machicah qui tunic xe qui toloc xe pu qui mezquel ma carah on qui qux quinquicaluh ri in tohil ta macu chirah, macu chinya qui εaε caqha tohil quicha chique catical na cut mana camic tah xquitunic xequitoloc qui mezquel cacha chivech quixqha xevqhax cut balam quitze balam acab mahucutah iqui balam ta xquibih cut vtzih tohil vtzbala chi tunic vtz puch chica caluh xe qha cut ta xquichocobeh xquiculuba puch u tzih to hil maui xquiquiyalah chic vtz xa huzu xeqha ta xquicam cut εaε. cate xemiquic xa cu huchob ri xa xrelecah vbic εaε pazib are ri zotzila ha chamalcan vbi qui cabauil caεchequeleb xa zotz vvachibal ta xeico pazib chi liblutic xe icouic ta xul vcama εaε maui xutzonoh v εaε ri εaεchequeleb maui xuya rib chichaquic xere xchacatah ri amac ronohel ta xuyao uxe vtoloc uxe vmezquel chi tuxic are cut vtuxic ri xubÿh tohil ta xpuz ronohel amac chuvach ta xcotix vloc vqux chutoloc chumezquel maha chi tihouoc vbanic ta xnic vachixic rumal tohil vcamic puch εaεal tepeval cumal ri balam quitze, balam acab, mahucutah, iqui balam. chila pe tenac vi tulan zu va macu que va tah hunelic meuahic xquibano xere qui zelavachin ri vzaquinic quilavachin relic vla quih que halou quib chirilic ri nima qhumil icoquih vbi are nabe chuvach quih ta chalaxoc ri quih. raxa icoquih amaquel cu chila co vi qui vach chirelebal quih ta xeqohe chila tulan zu va vbi xpe vi qui cabauil mana ta xata cavaral tah xquicam vi qui εaεal cahauarem puch xavi chila xchatah vi xiocotah vi nima amac chuti amac ta xpuzic chuvach tohil xuyao vquiquel vcomahil vtoloc v mezquel ronohel vinac huzu chi tulan xpe vi qui εaεal nima etamabal qo ruq chi queεumal cut, chi acabal puch xquibano xepe chicut xebocotah chivla chila xquicanah chic relebal quih maui are cochoch va xa ho chiquil na coh tique vi xqha curi tohil quitzih chi qhauic chiquech balam quitze, balam acab, mahucutah iqui balam quix camouan na canoc chita ha na cut v hutic i xiquin chiziza ichuc quixcahboc are icamovabal chuvach cabauil vtz bala xeqha cut ta xquihut qui xiquin xoc cut chupan qui bix qui petic tulan xoc qui qux ta xepetic ta xcocotah canoc tulan acaroc maui varal xchiquilvi vzaquiric ta chalaxoc ri quih zac quirizai vvach vleu xeqha cut ta xpecut xacu xucanahibeh ripabe xa xcovi vinac chicanah chiri quevar vi huhun chi amac queya catah vi vloc amaquel cut chiquil ri chumil retal quih are retal vzaquiric chiqui qux ta xepetic chila relebal quih chi qui hunam vach xeicou vla chila nim xol cabixic vacamic",3202
57,"Ta xevl puch chiri chuvi hun huyub chiri xquicuch vi quib conohel queche vinac ruq a mac chiri qu xepopon vi conohel ta xquipixabah quib vbinaam huyub vacamic chipixab vbihuyub. xe cuchu vi quib chiri cut xquicobizah vi quib. inva inqueche vinac, at curi at tamub, are abi chuxic xu qhax ri tamub. xqha chicut ilocab at ilocab are abi ri chuxic maui zachel oxib chi quiche xahunam catzih xeqha cut ta xcoh quibi",411
58,"Ta xbinaah chicuri εaεchequeleb. εaεchequeleb vbi xuxic ruc chic rabinaleb are chicu vbi xuxic maui zachinac vacamic are chicuri ah q,iquina ha vbi vacamic are cu qui bi ri xquibÿh qui chiquibil quib. chiri na xe poponvi xa chicoyobehna vzaquiric chiquila vachih relic vla chumil are nabe chuvach quih ta chalaxoc chila xohpe vi xa xoh paxin quib xecha chi quibil quib are chicatatat vi qui qux ri ni ma caxcol xe icou vi vloc maha bi va mahabi echa xa vxe qui cha mi chiquizico queheri quevaic chiquinao xma queva vi ta xe petic macu calah qui i couic vloc pa palo queheri mahabi palo xeicou vi vloc xa chuvi tac abah xeicou vi vloc colehe vla ri abah puzanaieb ta xquibinatizah cut cholochic abah bocotahinac zanaieb v bi cumal ri xeicou vi vloc chu pan palo vhachon rib ha xeicou vi vloc are cut chicatat vi qui qux ta xe pixaban quib chi mahabi qui va hu vc chiquicumeh ri xa hunai xim chiri cut e caal vi chuvihuiub chipixab vbi. xaui ca cucaam ri tohil auilix hacavitz. nima meuahic caquiban ri balam quitze ruq rixoquil εahapaluna vbi rixoquil. xavi quehe cubano balam acab ruq ri xoquil chomiha vbi. ruq chic ma hucutah nima meuahic qovi ruq rixoquil tzununiha vbi. ruq iquibalam caquixha vbi rixoquil are cut e ah meva ri chique cumal chiaεabal nim qui biz ta xeqoheic chuvi huyub chipixab vbi vacamic xqha chi cut qui cabauil chiri.",1342
59,"Ta xqha cut ruq tohil aulix hacavitz chiquech ri Balam quitze, balam acab, mahucutah, iqui balam, xata coh bec xata pu cohyacatahic mata varal qoh qohe vi, chieualtah cohiya vi mi xyopih vzaquiric ma pa tocob ivach vve cohcanabixic rumal ahlabal chi tzac va oh qo vi ivumal ix ahquixb ah cahb huhun ta cut cohiya vi xeqha cut ta xeqhauic. vtzbala xa coh bocotahic catzucuh tac ri quechelah xeqha cut conohel cate puch xquicam chirecaxic v cabavil huhun chiquech ta xoc cut avlix pazivan vbinaam evabal zivan chuchax cumal pa nima zivan chiquechelah pa vlix vbi vacamic chiri xcanahvi xcucanahoc pa zivan rumal Balam acab. cholom vcanahic vnabe ri xcanah chi cut hacavitz chuvi hun nima caεha hacavitz vbi huyub vacamic. xquitinamit curi xuxic chiricut xqohe vi caba vil hacavitz vbi. xavi, xcanah ri mahucutah ruc vcabavil vcab cut cabavil ri xevax cumal mana paquechelah xqohe vi hacavitz xa zaqui huyub xevax vi hacavitz ta xpe chicut balam quitze xul chiri pa nima quechelah xul euaxa vi tohil rumal Balam quitze patohil qhuqhax vacamic vbi huyub ta xquicobizah ri euabal zivan, cunabal tohil tzatz chi cumatz, tzatz puch chi balam, zochoh, can ti chiri pa quechelah xeqohe vi xeuax vi cumal ah quixb ah cahb. xa cuhun xeqohe vi Balam quitze balam acab, mahucutah iqui balam, xa hun xcoyobeh vi vzaquiric chiri chuvi huyub hacavitz vbi xa vi cu coc vxol ri xqohe vi cabauil tamub ruq ilocab, amactan vbi ri xqohevi ri vcabavil tamub chiri xzaquir vi amac vquin cat vbi ri xzaquiric viri ilocab chiri xqohe vi vcabavil ilocab xa coc vxol huyub xavi chiri ronohel rabinaleb 0 εaεchequeleb ah q,iquinaha ronohel chuti amac nima amac xa hun xtacatob vi xa pa hun zaquiric vi xa hun xcoyobeh vi relic vloc nima qhumil icoquih vbi, nabe chel vloc chuvach quih ta zaquirioc xeqha xacuhun xeqohe vi balam quitze, balam acab, mahucutah, iqui balam, mahabi qui varan qui yacalem. nim roqueh qui qux qui pam chire vzaquiric vpacatahic puch xavi chila xquixb vi vvach xepe vi nima biz nima moquem e chicarinac rumal vqaxcol. xa e qovi vloc mavi quz mi xohpe vi aca roc ohtah xcohilouic ralaxic quih hulacha xcabano hunam cavach chicahuyubal xa xcocotah quib queqha ta qui queqhavic chiquibil quib chuvi biz chuvi moquem, chuvi puch oqueh zic xechav vi maha cut tah chicubaroc qui qux chire vzaquiric. are cut e cubucuxinac vi ri cabauil patac zivan pa tac quechelah xa pa ec xa pa atziiac e qovi mana pa tzalam tah xeya vi queqhau nabec ri tohil avilix hacavitz nim qui quih nim puch cab cuxlab chuvi ronohel vcabauil amac tzatz quinaual tzatz puch qui binibal quichacabal chi tevnic chi xibinic qui qoheic chi qux amac cubulic qui quxlal cumal ri balam quitze, balam acab mahucutah, iqui balam mana chilic cayal ta qui qux chire ri cabavil cucaam quecam puch xepe chila tulan zuy va chila relebal quih xavi cuchiri xeqohe vi pa quechelah are zaquiribal pa tohil pa avlix, pa hacavitz cuqhaxic va camic. are cut xeahauax vi xe zaquir vi camam cacahau va chi cabÿh chic vzaquiric vvachinic puch quih, ic, qhumil",3001
60,"Vae cute vzaquiric vvachinic puch quih, ic, qhumil.",51
61,"Nim cut xe quicotic balam quitze, balam acab, mahucutah, iqui balam ta xril ri icoquih. na be xel vloc chitiltotic vvach ta xel vloc nabe cut chuvach quih cate cut ta xquiquir qui pom chila petenac vi relebal quih cate vchac chiquiqux ta xquiquiroc oxichal qui camovabal chi qui qux. mi xtam pom vbi pom rucaam balam quitze. cavizton pom chic vbi pom rucaam balam acab. cabavil pom chuqhaxic chic rucam mahucutah. e oxib qo qui pom are cut xquicato ta xe zacbizani aponoc chila relebal quih quz queoquic ta xezacbizani xquicat quipom loεalah pom cate cut xcoqueh ri maui xquilo mapu xquivachih ralaxic quih cate puch ta xel vlo quih xquicotic chuti chicop nima chicop xquiz yacatah vloc pabeya pazivan xe qoheic tzam tac huyub, xa hun xquixe vi qui vach chila xel vi vloc quih, cate ta xeoquic coh balam nabe cut xoc ri q,iquin quele tzu vbi. quitzih chi xquicot ronohel chicop xquirip qui xic, cot zaccuch chuti q,iquin nima q,iquin. e cu xucuxuxinac ri ah quixb, ah cahb nim quequicotic ruq rah quixb, rahcahb tamub ilocab ruq rabinaleb 0 εaεchequeleb, ah q,iquinaha ruq tuhalha vchabaha, quibaha, ah batena ruq yaqui tepeu harub pa chi a mac qo vacamic maui ahilan chi vinac xa hun xzaquir vi ronohel amac, cate puch xchquihic v vach vleu rumal ri quih queheri hun chivinac ri quih ta xu cut rib catan vvach are xchaquih vi vvach vleu maha chela vla quih chacalic yitzil puch vvach vleu maha chela vla quih xa cu xcaoh acanoc ri quih que heri hun chi vinac macu xchita bic xchihtahic vcatanal xacu vcut bal rib ta xalaxic xa chi cu vlemo ri xcanahic maui quitzih are chiquih ri cavachinic xqha chupan quitzih. cate puch huzu xabahir ri tohil aulix hacavitz ruq v cabavilal coh balam zochoh canti zaquicoxol xa xuchap chi vca rib pache ta xvachin quih ic, chumil humah abah xuxic ronohel mataoh yacamarinac lo vacamic rumal ri tionel chicop coh balam zochoh canti zaquicoxol mata habi caquih lo vacamic mata xabahiric vnabe chicop rumal quih ta xel vloc nima quicotem xqohe vi qui qux balam quitze, balam acab, mahucutah, iqui balam nim xe quicotic ta xzaquiric mana e ta quÿa vinac chiqui qoheic xa e chutin ta xeqohe chiri chu vi huyub hacavitz chiri xezaquir vi chiri puch xecaton vi xezacbizan aponoc chila chi relebal quih xepevi are qui huyubal, qui tacahal chila xepe vi balam quitze, balamacab, mahucutah, iqui balam quibi chiri cute xequiar vi chuvi huyub are cut qui tinamit xuxic chiri cu qo vi ta qui xvachin quih, ic, chumil. xzaquiric, xpacatahic v vach vleu ronohel xecah chiri cut xticar vi quibix camucu vbi xquibixah xaroqueh qui qux quipam xquibÿh chupam qui bix acaroc xohzachic chi tulan xohpaxin vi quib xecacanah chic catz cachac avi mi xquil vi quih avion e qovi ta mi xzaquiric xeqha chire rahquixb, rahcahb ya qui vinac xavi xere tohil vbi vcabavil yaqui vinac yolcuat quitzalcuat vbi xcahach chila chutulan chi zuy va are cachelic vloc arepuch vtzacat ca vach ta xohpetic xeqha chiquibil quib ta xqinatah chiapanoc catz qui chac ri yaqui vinac ri xzaquiric chila Mexico vbinaam va camic qo chi nai puch chahcar vinac xquicanah chila relebal quih tepeu oliman quibi xeca canah canoc xeqha nim vcatat qui qux chiri chuvi hacavitz xavi quehe caquiban ri rech tamub ilocab xavi xere e qo vi chiri paquechelah amac Dan vbi xzaquir vi rachquixb rachcahb tamub ruq vcabavil xavi xere tohil xa hun vbi vbi v cabauil roxchobichal queche vinac. xaui cu xere chic vbi vcabauil rabinaleb xzcaquin v halcat vbi hun toh chuqhaxic vbi v cabauil rabinaleb xacu chari xachirah hunamatah chi queche chi vghabal. are cut halcatahinac vi qhabal ruq εaεchequeleb rumal halan vbi vcabauil ta xpe chila tulan zuy va, tzotziha chimalcan vbi vcabauil xacu chahalan vqhabal vacamic ruq nai puch chirih vcabavil xcamon ri vbi v chinamit ah pozotzil ah poxa quevqhaxic xavi vcabavil xhalcatih vi vqhabal ta xya vloc vcabavil chila tulan chirihabah xhalcatih vi vqhabal ta xpe tulan chiqueεumal xa cu hun xa uax vi xzaquir vi ronohel amac qolehe vbi vcabauil chuhutac chobil arecut xchicabÿh chic qui alubic quibaya tahic puch chiri chuvi huyub xa hun xeqohe vi qui cahichah balam quitze, balam acab, mahucutah, iqui balam qui bi coc qui qux chire ri tohil aulix hacavitz are qo chic pa ec pa tziyac..cumal.",4207
62,"Vacute quicatonic vxe chipuch cohbal rech tohil ta xebe cut chu vach tohil aulix xbequila xbe pu quiquihila xecamouan chic chu vach chire vzaquiric e cu vonovoh chic chiabahil chiri pa quechelah xaqui naual vach chic xqhauic ta xeopon ri ah quixb ah cahb chuvach ri tohil macu nim ri cucaam quicatoh puch xaεol xa rachac noh ruq yia xquicato chu vach qui cabauil ta xqhao cut ri tohil xa vnaual chic ta xya vloc quinaoh rieahquixb eah cahb. xeqha ta xeqhauic xavi varal cahuyubal catacahal. chuxic oh ivech chic mi xuxic nim caquih nim pu calaxic rumal ronohel vinac ivech ri ronohel amac xavi cu oh ivachbil china itinamit xavi chicaya inaoh moh icut chuvach ria mac ta coh qui εaεanih rumal ri quitzih vi chi e qui chi qui qoheic quehe cu maui coh iralahobizah vi xere cut chi ya chiquech riral quim ral torob xere curi xnam queh xnam q,iquin chulta i ya zcaquin vquiquel chiquech, tocob cavach chicanah cut rizmal ri queh chichahih a re e ri vmucu vach chimich canoc are vqueh chuxic are naipuch ca quexvach chicut chuvach a mac apa qo vi tohil ta quixvqhaxic are cut chi cut ri cuqueh chiquivach mi cut naipu ivib qo chicut chiban chic nim iqoheic chuxic chichac ri ronohel amac chicucah vquiquel vcomahil chi ca vach chul vi coh, quicaluh e quech chicxqha curi tohil aulix hacavitz caholal vach chi qui vachibeh ta queilic ta chopon puch catoh chiquivach ta xticar cut v tzucuxic ri ral tac q,iquin ral queh camob tzucuxic cumal ri ahquixb ahcahb are cut ta chiquiric ri q,iquin al queh cate cut chibe qui culu ri vquiquel queh q,iquin pu chi ri abah ri tohil aulix xucari cut vcaah quic cumal cabauil huzu chi qhau ri abah ta queoponic ri ahquixb ahcahb ta chibe quiya qui catoh xavi quehe chic chiquibano chuvach ri cuqueh chi qui cat εol chi qui cat puch yia, holom ocox xqohe qui cu queh chiquihuhunal chiri cul vi cumal chuvi huyub maui qui lacaben ri cochoch chi quihil xapatac huyub quebiinvi are cut chique chaah ri xa ral vorom. xa ral zital xa pu ral acah, chiquitzucuh mana vtzilah va vtzilah a. tapuch maui calah vbeel cochoch maui calah qovi canoc quixoquila, are cut tzatz chic riamac huhun chi zepezoh vi qui cuchun chiquib ri hutac chob chi amac, quebolo chic patac be calah chi quibe. are curi balam quitze, balam acab, mahucutah iqui balam xma calah e qo vi. are cut ta chiquil ri amac chicovic pabe cate cut taqueoc vloc tzam tac huyub, xaroquibal vtiu xapu roquibal yac. chico quibeh, xapuro qui bal coh balam chiquibano, ta chiquil ri amac qui chubinic xa vtiu ri coquic xapu yac ri xa coh xa balam que cha cut riamac queheri ma vinac chuqux ri ronohel amac xa cu michbal quech amac ta chiquiba no qo carah qui qux ri mana quitzih ta chixibin tarib chiquibano qo cacah chire roquibal coh roquibal balam chicoquebeh ta chi quil curi vinac xahun xa caib chubinic chicah quimaih chiquech huta quih ta quevl chicut chiri chicochoch ruq quixoquil xavi ral vonon ral zital, xapu ral acah cu cucaam chiquiyao chirech quixoquil hu ta quih. ta xebe chicut chuvach tohil aulix hacavitz xeqha cut chi qui qux. are ri tohil aulix hacavitz xavquiquel queh q,iquin cacaya chire xa caziza caxiquin cachuc catzonoh cacouil cachihilal chire tohil aulix hacavitz na quitah chicuchah qui camic ri amac xa ta huhunal quecacamizah xeqha chiquibil quib ta xebe cut chuvach tohil aulix hacavitz ta xqui ziz qui xiquin qui chuc chuvach cabauil xquivacuh ri qui quiquel xquihic vcoc puchi ri abah. macu quitzih ta chi abah chuxic queheri e huhun chi qaholab ta que vlic: xe quicot chic chirech ri qui quiquel ahquixb ahcahb. ta xpe chicut retal qui banoh ri chi chaconisah quihe are icolbal ivib. chila xpe vi chi tulan ta xoh icam vloc xevqhax cut ta xya vloc ri q,um pa zilizib vbi ruq quic choc chiquih qui hab rib ri quic xuxic vyaon tohil ruq aulix hacavitz.",3764
63,"Vae vticaric chic relecaxic vinac amac cumal balam quitze, ba lam acab mahucutah iqui balam.",92
64,"Cate puch vcamizaxic amac ri are xquicam ri xa hun chubinic xa caib chubinic maui calah ta chiqui camo cate cut ta chibe qui puzu chuvach tohil aulix cate cut ta chiquiya quic pabe qolic vholom chiquicoloba pabe queqha cut ri amac balam mi xtiouic xa queqha rumal queheri racan balam cacan ta chiquibano mavi chi qui cut quib. tzatz chi amac xquelecah cauna cut xuna virib amac vve are ri tohil aulix coc chique xa quecutzucuh ri ahquixb ahcahb. tal a qo vi cochoch chicataqueh ri cacan xeqha cut conohel amac. ta xquicam qui naoh chi quibil quib cate cut xquitiquiba vtaquexic cacan ri ahquixb ahcahb macu calah xaracan queh, xaracan balam chiquilo maui calah cacan xma qovi calah vi are nabe cacan ri xa qui pich queheri cacan xa zachbal re cumal maui calah quibe. Xa chivina quir zutz, xa chivinaquir que cal hab, xapu chivinaquir xo col, xa chivinaquir muzmul hab chiquilo chiquivach amac xacu chicoz qui qux chi qui tzu cuxic ta chico cotah pu be ru mal nim vqoheic ri tohil aulix hacavitz naht cut xquiban chiri chuvi huyub. chu xiquin ri amac xquicamizah are ta xvinaquir ri elequic echalamicat ta chiquicam ri amac patac be chiquipuz chuvach ri tohil aulix hacavitz xcolo cut qui qahol chiri chuvi huiub. are tohil aulix hacavitz oxib chi qaholab qui vachibal que bÿnic xa vnaval ri abah xqohe hun haa. Are queatin vi chiri chuchi ha xa qui cutbal quib xubinaah cut chi ratinibal tohil vbi ha xuxic. qui a mul cut chiquilo amac libah chi chiquizachix tah quib ta queilic rumal amac ta xux tah vtzihel ri e qo vi ri balam quitze balam acab, mahucutah iqui balam. are cu vavcamic vnaoh amac chire v camizaxic tah.",1619
65,"Nabe cut xrah qui naohih amac vchaquic tohil avlix hacavitz xeqha ronohel vi ahquixb ahcahb chuvach amac xquehec quib xquetoc pu quib conohel mahabi hu chob ca chob ta chic xcanah chique conohel xecuchu quib xetaco pu quib ta xcam qui naoh xeqha cut ta xquitzonobeh quib naqui pa chi cu chah quichaquic ri cavec queche vinac rumal mixquiz cal cahol maui calah vzachic vinac cumal vve coh quizic chi elecaxic ta chuxoc vve are nim vεaεal ri tohil aulix hacavitz areta cut ca cabauil ri tohil chuxic chi canabih tah maui chutzinic cohquichaco mapa oh quia vinac chica coheic a re cu ri ca vec maui harub chiqui qoheic xecha cut ta xeponic conohel xqha chic chahcar chiquech ri amac ta xeqhauic apachina rilo que atin chuchi ya huta quih vve are tohil aulix hacauitz are ta quecachac na nabe chiri ta cut chiticar vi qui chacatahic ri e ah quixb e ahcahb xeqha chicut chahcar chic taxe qhauic. na quila cut chica chacbeh quech xe qha chicut. areta ca chacbal quech chuxic rumal ri e qalolab quevachinic ta cai litah chia quebeta cut e caib capohib are ta ri quitzih chi e chaom eta zaclocoh chi capohib chibe ta cut qui raibal chire xeqha cut. vtz bala xaba quecatzucuh eta caib chi vtxilah tac capohib xe qha cut ta xquitzucuh cut quimeal. are ri qui tzih e zaquilah tac capohib ta xquipixabah cut ri capohib quix bec ixcamial oh ichaha ri cul chi ya. vve cut ta que yvil ri e oxib qaholab chizono ba cu yvib chiquivach, vvecut chirain qui qux chive quix choco, cohopon ta chivih ta queqha chivech. vve quixqha cut ta quixtzonox cut apa quixpe vi apa ahchoc mial ta que cha oh quimial ahauab quixqha cu chique chipe cu retal ivvmal ta naquila chiquiya chive tazec chiqui raih ivach qui tzih chiya ivib chi quech. vve cut ta maui chiya ivib quixcacacmizah cut. cate vtz ca qux ta qo retal chicam vloc. are cut retal chica qux taque apon chivih xeqha curi ahauab ta xepixabax ri capohib e caib are qui bi va xtah vbi hun capoh. xpuch chicut vbi hun chic epu caib xtah xpuch qui bi xetac vbic chiya chi ratinibal tohil aulix hacavitz. are qui naoh ronohel amac rÿ.",2059
66,"Cate puch xebec xecauuxic quitzih vi chihebelic chi vachinic ta xebec chila chatin vi tohil quicariloon curi qui chahon ta xebec. que quicot chicuri ahauab cumal ri e caib qui mial xquitac vbic. ta xeopon cut chiya cate xquitiquiba chahonic xquitzonoba quib qui cabichal e chacachaxinac chuvach tac abah, ta xe culun curi tohil aulix hacavitz. xeopon chila chuchi ya, xa cu zcaquin xrocoibeh qui vach ri e caib capohib quechahonic are curi capohib xa huzu xequixbic ta xeopon ri tohil macuhabi xbe qui raibal ri tohil chirech ri e caib capohib ta xetzonox cut apa quixpe vi. xevqhaxic chirech, ri e caib capohib xevqhaxic naquipa quivah quixul varal chu chi vi ca a xevqhax cut ohba tacon vloc cumal ahauab ta xohpetic chibe ivila cuivach ri tohil quixqhau cuq xeqha ahauab chique quehe cut chipe vi retal quitzih vve chivil qui vach xohohvqhaxic xeqha curi e caib capohib ta xquizucuba qui taquiquil areta cu xcah ri amac xehox ta ri capohib rumal qui naual tohil xe qha curi tohil aulix hacavitz ta xeqhau chic chiquech ri xtah xpuch quibi re e caib capohib vtz chibec retal catzihivvq chiuoyobeh na chiya apanoc chiquech ahauab xevqhax cut cate puch qui naohinic chic ri ah quixb, ahcahb xevqhax ri balam quitze, balam acab, mahucutah, iqui balam quixzibanoc oxib cul chitzibah retal iqoheic chopon cuq amac chibe cuq re e caib capohib quechahonic chi ya vbic chique xevqhax cut balam quitze, balam acab, mahucutah.",1418
67,"Cate cut xezibanic coxichal nabe xtziban ri balam quitze. balam vvachibal xuxic xutzibah chuvach cul. are curi chi balam acab, cot chic vvachibal xutzibah chuvach cul. ta xtziban chicuri mahucutah humah vonon humah zital vvachibal v tzib xutzibah chuvach cul. xutzin cut qui tzib coxichal oxbuzah xquitzibah cate cut ta xebe quiia cul ri xtah xpuch quibi xeqha curi balam quitze, balam acab, mahucutah vae retal itzih quix oponic chiquivach ahauab quitzih xqhau ri tohil chiquech quix qha vae curetal xcacam vloc qui xqha chique chi qui cuuh cu ri cal chiya chique xevqhax cut ri capohib ta xquipixabah vbic. ta xebe cut xcucaah vbi ri tziban cul ta xeopon cut huzucu xequicot ri ahauab ta xil qui vach xequel vca quitzonoxic ri capohib. ma xivil v vach ri tohil xevqhaxic xquil bala xeqha curi xtah xpuch vtz bala na qui pa retal xicam vloc ma qui tzih xeqhau ri ahauab queheri bari retal qui macunic xquina ri ahauab. ta xquiritah curi tziban cul cumal capohib. humah balam, humah cot humah naipuch vonon zital v tzibal v pam cul chiyulinic vvach ta xquiraih cut vvach cat xquicoh chiquih macuhabi xuban ri balam vtzibal nabe oc chirih ahau ta xucoh chicut ahau ri vcab tziban cul cot vtzibal xa vtz xuna ahau chupan xavi cazolouic chiquivach catzunon vcuxic chiquivach conohel taxoc chicut rox tzibam cul chirih ahau areri vonon zital upam xucoh cu chirih cate puch ta xtÿc vtiohil ru mal vonon zital maui xchihtahic mapu xcuyutah quitiobal chicop ta xuracuh cu vchi ahau rumal chicop xa tzibam qui vachibal chupan εal vtzib mahucutah cu roxtzib ta xechacatah vi cate puch quiiahic capohib ri rumal ahauab ri xtah xpuch quibi naquipa chiculal ri ivvcaam vloc apa xbe icama vi ix qaxtoq xevqhax ri capohib ta xeyahic quicha catahic chicuri ronohel amac rumal tohil areta xcah xbeta quiibal ri tohil chiquih xtah xpuch eta hoxol chec xevxic chuqux amac tacchibal ta quexuxic, ma qu xbanatahic qui chacatahic rumal e naual vinac ri balam quitze balam acab mahucutah. ta xenaohin chicut ronohel amac naquipa que cuchah quitzih nim qui qoheic ta chuxoc xeqhacut ta xquicuch chic quinaoh xata quecoquibeh queca camizah chicavic quib chichab chi pocob mapa oh qui mahabi hun caibchic chicacanah chique xeqhacut ta xcam qui naoh xa xuvic rib ronohel amac tzatz chica mizanel ta xe molotahic ronohel amac ecamizanel arecut e qo ri balam quitze balam acab mahucutah iquibalam are e qo chuvi huyub hacavitz vbi huyub eqovi xqolo cut quiqahol chiri chuvi huyub maui eta quia vinac mana quehe ta qui quial ri vquial amac xa zcaquin uvi huyub quicatem, xacu qha ta xnaohix quicamizaxic rumal amac ta xquicuch quib conohel xepoponic xeta co quib conohel.",2642
68,"Vae cute qui molouic quib conohel amac e cauutal chic chi chab chipocob conohel maui a hilan chipu vac qui cauubal he behoh quivachibal conohel aha uab achihab quitzih banoh quitzih conohel quitzih conohel quitzih e calabil chuxic are curi tohil are cabauil arepu chica quihila xereta chicacanabih xecha chiquibil quib xavi cu caretamah ri tohil caquetamah naipu ri balam quitze, balam acab mahucutah caquitao ta canaohixic rumal ma ha bi qui varam qui yacalem ta xe cautah cut ronohel cha ahlabal cate cut xeya catahic ronohel ahlabal chacab tah xcoquibeh chiquiqux ta xebec. ma cu xeoponic xapabe xe varah vi conohel ri ahlabal cate puch qui chacatahic chic cumal ri balam quitze balam acab mahucutah xa cu hun xevarah vi pabe mahabi chic xquina chi quib xequiz varic conohel cate cu vticaric vmichic quimucu vach rumal ruq quizmachi ta xquir cur i puvac chi quicul ruq qui iach vach ruq puch qui chachal are curi vcul quichami xere xquicam ri puvac cahizabal qui vach xa pu michbal quech xbanic retal vnimal queche vinac cate puch xeqastahic huzu xquichapala qui i ach vach ruq cu ruq v cul qui chami mahabi chi puvac chi cul ruq qui yach vach na qui pa mi xoh ca movic aon chinac mi xoh michouic apa mi xpe vi mi xelecan ca puvac xeqha cut conohel ah labal are laiba ri lo e qaxtoq queelecan vinac macu chutzinic chicaxibih ta quib chique qui vi chicoquibeh quitinamit xavi xe re chiquil vvach ri ca puvac chicaban quech xeqhacut conohel amac xa vi xere banoh tzih conohel. xavi cu cubul quiqux ri ah quixb ah cahb e qo chuvi huyub xaui xere nima naoh caquibano ri balam quitze balam acab mahucutah iquibalam ta xenaohin cut balam quitze balam acab mahucutah iqui balam xquiban coxtun chuchi qui tinamit xa tzalam xa chut xchiquehbeh rih quitinamit cate xquiban ri poy queheri vinac xuxic cumal cate xquichol chiri chuui coxtun xavi xere qo qui pocob qo pu qui chab xecauxic xoc ri iach vach puvac paquivi xoc pucu xa poy xapu ahamche xcohou ri puvac rech amac ri xbe qui cama pa be are xucauubeh poy cumal xecotcomihic chirih tinamit cate puch ta xquitzonoh chiquinaoh chirech tohil ve qoh camic ve puch cohchacatahic xeqhaxoc quiqux chuvach ri tohil mi xbizonic in qolic are cut chicoh va chiquech mi xibih ivib xeuqhax ri balam quitze balam acab, mahucutah iqui balam ta xya vloc ri vonon zital are cut xbe qui cama cu caam ta xepetic cate xquiyao chupam cahib nimac cocob cahib xqohe vi chirih tinamit xquitzapih vi ri vonon zital chupan cocob are culelabal rech amac cumal xenicvachix cut xe muccheex puch xnicox qui tinamit rumal vzamahel amac maui e harub xeqha cut xere cut xulquila ri poy ahamche quezilaheic cu calaon qui chab qui pocob quitzih vinac quevachinic quitzih chi e camizanel quevachinic ta xquil amac quequicot cut ronohel amac mavi hanic xquilo tzatz ri amac chuqoheic maui ahilan chivinac e ah labal e pu camizanel e camizai rech ri balam quitze balam acab mahuqutah are qo chuvi huyub hacavitz vbi e qo vi are cut coquibexic va xchi cabÿh chic",2972
69,"Are cut e qo chiri balam quitze balam acab mahucutah iqui balam xa hun e qo vi chuvi huyub ruq quixoquil calcual ta xepe cut ronohel ah labal e camizanel mavi xa cachui oxchui chi amac xcotcomih chirih tinamit queominic e viquitalic chi chab chi pocob chiquicozih qui chi, quelulutic quechaninic chi ominic qui iuiub qui xulcab ta xeoc chuxe tinamit macu habi caquixibih quib ri ahquixb ahcahb xa quecai vloc chuchi coxtum e cholon vloc ruq quixoquil calcual xa cul qui qux banoh cu zui tzih ri amac ta xe acan cut chuvach huyub xa cu zcaquin chic ma vi quetzaconic chuchi tinamit cate puch ta xhac v vi ri cocob cahib qo vi chi tinamit ta xeel curi vonon zital queheri zib ta xel chupam ri huhun chi cocob cutzin curi ahlabal rumal chicop tacatoh chu bac qui vach ta catoh puch chi qui tzam chiqui chi chicacan, chiqui cab a qo vi xchibe quichapa aon qo vi xchibe quimaha ronohel qo vi vonon zital. tacatoh chutio mavbac vvach xchiquilih chubuchu he tac chicop chirih ri huhun chivinac xecabaric rumal vonon zital maui xchapatah chic qui chab qui pocob quevon coyeheic chuvach tac vleu quelahahic xecahic chuvach huyub are cut maui caquina chic ta xecac chi chab xechoi chi icah xa bolah che xquicoh chic balam quitze balam acab, xoc qui xoquil e camizanel xaui cu xe tzalih ri chahcar chic xa xel chic chi cacan ronohel amac are xqui ric qui nabe xevtzinic xecamizaxic mana xa zcaquin chi vinac xcamic maui are xcam vi ri xquitzaih chi qui qux xa cu chicop xoc chique mana cula achihilal tah xquibano maui chab maui pocob tah xecam vi ta xeyocotahic ronohel amac xa cu xe elah chic ri amac chiquivach ri balam quitze balam acab mahucutah tocob cavach mata cohcamic xeqha vtzbala xa xix vi camel chuxic ix ahpatan chibe quih chibe zac xevqhaxic quehe cut vchacatahic ronohel amac ri cumal ca nabe chuch cahau chiri xban vi chuvi huyub hacavitz vbinaam vcamic. are nabe xetique vi chiri xepoc vi xequiritah vi xemialanic xeqaholanic chuvi hacavitz. quequicot chic ta xquichaco ronohel amac chiri chacatahinac vi chuvi huyub quehe cut xquiban ri xquichac na amac ronohel amac. cate cut xcube qui qux xe tzihon chire qui qahol xnacahoc quecamoc ta qui xerah camizaxic. are chic vi x chicabÿh chic qui camic balam quitze balam acab, mahucutah iqui balam qui bi.",2258
70,"Xquina cut qui camic qui zachic ta xepixabic chirech qui qahol ma na eta iab mapu quehilovic quepolou tah ta xcanah qui tzih chire qui qahol are quibi qui qahol va ecaib xuqaholah balam quitze qocaib vbi nabe al qocavib chic vbi vcab al vqahol balam quitze vmam vqahau caviquib. e chi vi cu caib chic xuqaholah balam acab are qui bi va qoacul, vbi vnabe vqahol, qoacutec chuchax chic vcab vqahol balam a cab, rech nihaibab. xacu hun xu qaholah mahucutah qoahau vbi. e oxib xeqaholanic mahabi vqahol ri iqui balam. qui tzih ah quixb ahcahb: are cut quibi qui qahol ri. are xquipixabeh canoc xa hun e qo vi qui cahichal xebixanic chicatat qui qux choc pu qui qux chupan quibixic camu cu vbi quibix xquibixah. ta xepixab cut chire qui qahol ix ca qahol cohbec cohzalih puch zaquil tzih zaquil pixab capixab chiue micu xixul cacanaht chihuyubal ix quixoquil xe qha chire quixoquil chiqui huhunal xepixabic cohbe chi camac cholan chic cahaual queh leman chicah xatzalihem xchicabano mi xbanatahic capatan mi xtzacat caquih cohina cut moh izacho mohi mezcutah puch chivilna ivochoch ihuiubal puch quixtique vi ta chuxoc. quixbe cut chibe ivila chic xohpe vi xqha cu qui tzih ta xepixabic ta xcanah cut retal vqoheic ri balam quitze are i ta nabal vech va xchincanah ivvq are i εaεal vae mi xnupixabah xnubizoh xqha cut ta xu canah ri retal vqoheic pizom εaεal chuchaxic maui calah v vach xa vi qui pizlic xma quiron vi maui calah tzizbal re rumal mahi xilovic ta xpizic quehe cut qui pixabic ri ta xezach cut chiri chuvi huyub hacavitz mana xemuctah rumal quixoquil calcual maui calah qui zachic ta xe zachic xere calah ri qui pixabic loε curi pizom chiquech xuxic are natabal rech qui cahau xa huzu xecaton chuvach qui naba bal rech qui cahau xe huzu xe caton chuvach qui nababal rech qui cahau. are ta xvinaquir vi vinac cumal ahauab ta xecam chirih balam quitze ticarinac vi v mam vcahau caviquib xma cui cut xquizach vi ri vqahol ri co caib qo cavib qui bi quehe cut qui camic ri qui cahichal ena be camam ca cahau ta xezachic ta xcanah chic qui qahol chiri chuvi huyub hacavitz xe yaluh chi vi quiqahol chiri. cahinac chic yocotahinac chi puch qui quih conohel amac mahabi chic qui εaεal xa qui e co chic xaui cu caam quib conohel huta quih. chiqui nabah qui cahau nim vquih ri pizom chique maui chiquiquiro xaui pizlic chiri cuq. pizom εaεal chuqhaxic cumal ta xcobic xbinaah puch qui cuun xya canoc rumal qui cahau ya retal qui quiqoheic ta xquibano quehe cu qui zachic qui maixic balam quitze balam acab, mahucutah iqui balam. e nabe vinac xepe chila chaca palo chirelebal quih oher oc quevl varal ta xecamic e rih chic e ahquixb ahcahb quibinaam.",2649
71,Cate puch ta xquiquxlaah quibÿc chila relebal quih are qui quxlaan ri vpixab qui cahau maui xquizacho xoher oc quecamoc qui cahau xya quixoquil amac xquihiah ta xechoco ixoc e oxib xeqha cut ta xebec cohbe chila relebal quih. chila xepevi ca cahau xeqha ta xquicam quibe e oxib chi qaholaxel cocaib vbi hun vqahol balam quitze rech ronohel coaui quib coacutec vbi qahol balam acab xa rech nihaibab coahau vbi hun chic vqahol mahucutah rech ahau quiche. are cu quibi ri xebe chila chaca palo e oxib ta xebec xavi qo quinaoh qo pu quetamabal mana xa et vinac qui qoheic xqui pixabah canoc ronohel catz qui chac quequicotic xebec maui cohcamic cohvlic xeqha ia ta xebec e oxib xaui xere xeicouic chuvi palo ta xeopon cut chila relebal quih ta xbe qui cama ri ahauarem. are cu vbi ahau va rahaual ahrelebal quih xeopon vi,817
72,"Ta xeopon cut chuvach ahau nacxit vbi nim ahau xahu catol tzih tzatz rahauarem are cut xyau vloc retal ahauarem ronohel vvachinel ta xpetic re tal ahpopol, ahpop camhail ta xpe cut retal vεaεal rahauarem puch ahpop ahpop camha xquiz vya vloc nacxit vvachinel rahauarem are tac vbi va muh 0 εalibah zubac cham cham tatil canabah tzicvil cohtzicuil balam holom pich queh macutax tot tatam quz buz caxcon chiyom aztapulul ronohel cu que caam ri xepetic ta xquicavlari chaca palo vtzibal tulan vtzibal xeqha chire qui oquinac chupan chupan quitzih.",544
73,"Cate puch ta xevlic chiri chuui qui tinamit hacavitz vbi chiri cut xecuch vi ronohel tamub ilocab xecuchu quib ronohel amac xequicotic ta xevlic cocaib coacutec cahau xaui chiri chic xquicam vi cahauarem amac xequicotic e rabinaleb, e εaεchequeleb, ahq,iquinaha xa retal xcutun chiquivach ri vnimal ahauarem nim chic qui qoheic chuxic amac manabe xquiz ta quicut cahauarem are e qo chiri hacavitz xa qo cuq ronohel ri xpe relebal quih naht chicut xquiban chiri chu ui huyub e qui chic chiconohel chiri cut xecam vi quixoquil balam quitze, balam acab, ma hucutah ta xepetic xcocotah chicanoc ri qui huyubal. Hun chihuyub xquitzucuh are quetique vi maui ahilam huyub xetique vi ta xecobic ta xebina ah puch chire ri xe molomanic xechihomanic e nabe cachuch e nabe cacahau xeqha oher tac vinac ta xquitzihoh ta xquitoloba pu canahoc nabe quitinamit hacavitz vbi ta xeul chicu chiri xquitiquilibeh chic hun tinamit chiquix vbi naht chi xquiban chiri chuvi hu chob tinamit quemialanic queqaholanic puch chiri que e co tac vi are tac cahi huyub va xahun xchoc vi vbi ri qui tinamit. xquiculuba qui mial qui qahol xa qui chi quizipah xa tocobanic xapu maihanic chiquibano rahil qui mial chiquicamo xa vtz qui qoheic xquibano. ta xeico chiri chuvi hutac chob chitinamit. va tac vbi e chiquix, chi chac, humeta ha, culba, cavinal, vbi huyub xe yaluh vi are cut caquinic vachih ri huyub qui tinamit puch vlah huyub caquitzucuh e caquichic chiconohel xa cu caminac oc ri camol ahauarem relebal quih e mamaxel chic xevl chiri chuvi huhun tinamit mana xucam qui vach ri xeico vi hetac vi vloc caxcol rail xquibano cavnaht xquiric vi qui tinamit e mamexel epu cahauixel va cu vbi tinamit e xevl vi",1683
74,"Chiizmachi cut vbi huyub qui tinamit xeqohe vi chi nai puch xe amaquelab vi chiri cut xquitih vi εaεal xcah qui chun qui zahcab chucahle oc ahauab xeqha curi conache xu beleheb queh ruq puch εalel ahau ta xahauar cut ahau cotuha ruq iztayul quibi ahpop ahpopcam ha xe ahauar chiri chiizmachi vtzilah tinamit xuxic xquibano xacu oxib ri nimha xux chiri chiizmachi mahabioc rÿ huvinac cahib chi nimha ca oxib oc qui nimha xa hun vnimha cauiquib xacu hun nimha chuvach nihaibab xa naipu hun rech ahau quiche xa qui caib chi nimha ri cachob chi chinamit are e qo chiizmachi xa hun qui qux mahabi quitzelal mapuhabi qui cayeual xa lianic ahauarem mahabi qui qhaoh qui yuhuh puch xa zac xa amac qo chiquiqux mahabi moxvachinic mapu habi εaεvachinic xquibano ca chutinoc qui εaεal maha quicanuc maihoc mahapu canimar oc ta xquitih cut xquicouizah pocob chiri chiizmachi xretal cut cahauarem ri ta xquibano xretal qui εaεal retal naipu quinimal ta xilcut rumal ilocab ta xvinaquir labal ru mal ilocab xrahvl camizax oc rÿ ahau cotuhu, xacu hun ahau xrah cu quib are ri a hau ztayul xrah quitihoh xrah tihox cumal ilocab chicamizanic macu xel aponoc qui moxvachibal chirih ahau cotuha xaciquih xcah vi ma nabe xcam tari ahau rumal ilocab quehe cut vxenahic yuhuh chaquimal labal puch xcoquibeh nabe tinamit xebec e camizanel a reta cu xcah ri zach ta v vach quiche xata quituquel xahauaric chi qui qux xacu are xevl camoc xetelecheexic xecanabix puch maui harub chic xcolotah chique ta xtiquer cut puzunic xepuz ri ilocab chuvach cabauil are chic tohbal quimac xuxic rumal ahau cutuha qui chicut xoc chi munil xe alabilaxic xevinaquix puch xa xbe quiya quib chi chaquix rumal quinucbal labal chirih ahau, chirih zivan tinamit xmaixic xcutux ta vvach, rahaual quiche xrah qui qux macu xbanatahic. quehe cut vvinaquiric vpuzic vinac chuva cabauil ta xban ri pocob labal v xe ta xticaric vpocobaxic tinamit chiizmachi chila xticar vi vxenahic εaεal rumal ri xax nim vi rahauarem quiche ahau humah e naual ahauab xma qo vi qui yocotah vi xmaqoui alachinac choc chique xa vi banol rech nimal ahauarem chiri xenahinac vi chiizmachi chiri xnimar vi v quixic cabauil chixibin chic xuxibih pu rib ronohel amac chuti amac nima amac xquivachih roquic teleche vinac xquipuzu xquicamizah rumal qui εaεal qui tepeual ri ahau cotuha aha ztayul ruq nihaibab ahau quiche xa oxchob chi chinamit xqohe chiri chiizmachi vbi tinamit ca chiri chi naipuch xquitiquiba vi vaim vcaha chirech qui mial ta xquiziih vloc. are qui cuchbal quib ri oxib chi nimha v bi cumal chiri cut chi cucah vi cu quiya chiri puch chiquiveeh vi qui va rahil canab rahil pu mial xa quicotem chi qui qux ta xquibano xevaic xeecha chupam qui nimha xa cacomouabal xapu ca pacubal chirech quetal catzihel retal catzih chuvi ixoc al achihal xeqha chila xcob vi vloc chila puch xquibÿh vi qui chinamit quib vucamac quib qui ticpan quib cuculel quib oh caui quib ohnihaib ohpu ahau quiche xeqha e oxib chinamit oxib puch nimha. naht cut xquiban chiri chiizmachi ta xqui ric chic ta xquil puch hun chic tinamit xcocotah chivi ri chiizmachi.",3078
75,Cate puch ta xeyacatah chi vl oc xevl chiri patinamit cumarcaah vbi cumal quiche chuqhaxic ta xevl chic ahauab cotuha ruq cucumatz ruq puch ronohel ahauab xroquexoc xrolea puch vinac vxe zac vxe amac vxe qazlem vinaquirem chiri cut qui xquiban vi cuchoch chiri naipuch xquiban vi rochoch cabauil chu nicahal vvi tinamit xquiya vi ta xevlic ta xquitiquilibeh puch cate puch vnimaric chic cahauarem e qui chic e pu tzatz chic ta xquinaohih chic quiniha xe moloxic xe ha chahox puch rumal xvinaquir qui chaoh xe εacvachin chi quib chuvi rahil canab ra hil qui mial rumal xa maui chitzacon cuquia chiquivach are chicut vxe chic quihachouic quib ta xquitzolbeh quib tzolcacbeh bac vholom ca minac xquicacbeh quib ta xqui pax ri beletac chi chinamit xbanom oc vqhaohil anam mial ta xban vnaohixic ahauarem huvinac cahib chinim ha xuxic xoheroc quevlic conohel chiri chuvi qui tinamit ta xe tzacat huvinac cahib nimha chiri pa tinamit cumarcaah xutzirizaxic rumal Sor. obispo ri tinamit caxtole can oc. xeεaεar chiri xnuc maihinac oc qui tem qui chacat xha chatzox qui vach hu tac vi chi εaε huhun chi ahauab beleheb tac chi chinamit xucolela rib beleheb chi ahauab belehe tac chi chinamit xucola rib beleheb chi ahauab chi ahauab caviquib. beleheb chi ahauab nihaibab. cahi chi ahauab. ahau quiche caib chi ahau zaquiquib quia tac xuxic qui chinai puch chirih huhun ahauab. xa vnabe ri qo chivi ral vqahol. tzatz tzatz v chinamital huhun chi ahauab chi cabÿh quibi ri ahauab chuhuhunal huhun vnim ha.,1494
76,"Vae cute quibi ahauab chu vach cauiquib are nabe ahau va, ahpop ahpop camha, ah tohil, ah cuεumatz, nim chocoh ca vec, popol vinac, chituy lolmet, queh nay. popol vinac, pahom tzalatz, vchuch camha.",198
77,Are cut ahauab ri chuvach caviquib beleheb chi ahauab colehe vnimha chuhuhunal ca te chic chivachin v vach.,107
78,"Are chicu ahavab va chu vach nihaibab are nabe ahau va ahau εalel, ahau ahtzic vinac, cale camha, nima camha, v chuch camha, nim chocoh nihaibab, aulix, yacolatam, vtzam pop zac latol, nima lolmet yeoltux. beleheb cut chi ahauab chuvach nihaibab",245
79,"Are chicut ahau quiche va vae quibi ahauab. ahtzic vinac ahau lolmet, ahau nim chocoh ahau, ahau hacavitz. cahib ahauab chuvach ahau quicheeb colehe vnim ha.",157
80,"Caib chinamit chi naipuch ca quiquib ahauab tzutuha, εalel zaquic xa hun chi nim ha e caib chiahauab.",101
81,"Quehe cut xtzacat vi huvinac cahib chi ahauab, huvinac cahib naipuch chi nimha xuxuxic ta xnimaric εaεal tepeual pa quiche ta xεaεaric ta xtepeuaric v nimal ralal quiche. ta xchunaxic ta xzahcabix puch zivan tina mit xul chuti amac nima amac co cut vbi ahau. xnimarizan quiche ta xvinaquiric εaεal tepeval ta xvinaquiric rochoch cabauil cochoch naipu ahauab manaipu are are xebanouic maui xechacuntah mapu xquibanta cochoch manai pu xa ta xquiban rochoch qui caba uil xa rumal xequiric cal qui qahol. mana xa quibochi xata pu quelec qui cupun ta puch quitzih vi chiquech ahauab chiquihuhunal tzatz naipuch catz qui chac xuxic xmolomoxic vqoheic xmolomox naipuch vtabal tzih hun chi ahauab quitzih vi chi e loε quitzih puch chi nim qui εalem ahauab nimatalic xouatal puch vquih ralaxic ahauab rumal ral v qahol. ta xqiuaric ahzivan, ahtinamit ruq naipuch. mana xata qui quehexul quiya quib ronohel amac ca labal cut xcah vi vzivan vtinamit ca rumal qui naual ahauab xe εaεaric rÿ ahau cucumatz a hau cotuha quitzih chi naual ahau ri cucumatz xuxic hu vvc chacan chicah huvvc cut chibe vbana cahoc chi xibalba huvvc chicut chi qohe chi cumatzil quitzih chi cumatz chuxic huvvc chinaipuch chu bano chi cotal huvvc chic chi balamil quitzih vi chi cot chi balam v vachibal chuxic huvvc chic chiremeic chi quiquel vtu quel remanic quic chuxic quitzih chi naual ahau vqoheic xibixib chuvach rumal ronohel ahauab xpaxin rib vtaic xuta ronohel ahauab amac vqoheic naual ahau are cut vticaric, vnimaric puch quiche ta xuban ahau cucumatz retal nimal xmazachel v vach v mam v qahol chuqux. mahabi atala xban vi ri xqohe ta hun ahau naual ta vqoheic xa yocbal rech ronohel amac ta xubano, xa vcutbal rib rumal xere hu quizic v holom amac xuxic vcah le ahau ri naual ahau cucumatz vbi xavi xare ahpop ahpopcamha xcanah chicut quetal quitzihel xeεaεaric xetepevar chic puch ta xeqaholan chicut caquiqahol cut tzatz chic xubano xqaholax ri tepepul ztayul xa qui ahauarem xubano role ahau xuxic xaui xe qaholanic hutac le chi ahauab.",2017
82,"Va chi cute qui bÿ chic vvac le ahau e caib chi nimac ahauab e εaε qui cab vbi hun ahau cavizimah vbi hun chic. are cut tzatz chic xuban ri qui cab cauizimah. are chi xnimarizan quiche rumal quitzih naual v qoheic are cahouic are puch xpaxinic vzivan vtinamit chuti amac nima amac nacah tac vxol qo vi tinamit oher are vhuyubal εaεchequeleb ri chuuila vacamic vhuyubal chinaipu rabinaleb ri pamaca v huyub cu caoqueb ri zacabaha vtinamit chicut zaculeuab chuvi miquina, xelahu, chuva tzac ruq tzolohche. are xrixouah quiεab xuban labal quitzih vi xcahic xpaxic vzivan vtinamit rabinaleb εaεchequeleb zaculeuab xuleic, xpacaic ronohel amac, ca xtoque chi naht vcamiza quicab hu chob ca chob ta chic maui cu can vpatan chirech ronohel xcah vtimamit xucam vpatan chuvach quicab cauizimah xeoc chi munil xelotzic xecacquic chiche mahabi qui quih mahabi calaxic xuxic xa qha mi xqohe paxibal tinamit huzu chi hixtahic vchi vleu queheri chi cozin caculha chupaxih abah chi xibinic libah chi chelah a mac chuvach colche retal tinamit rumal vacamic hun huyub abah xzcaquin chic maui xcatatahic queheri xchoi chiicah rumal chila qovi pa tacah petatayub vbi calah vacamic caril ronohel vinac queico vi retal rachihilal qui cab. mahabi xcam vi mapu habi xchacatah vi quitzih vi chiachih xucam cut vpatan ronohel amac, ta xenaohim cut ahauab conohel ta xbec catei rih zivan rih tinamit xcahinac oc v tinamit ronohel amac.",1409
83,"Cate cut ta relic varanel ilol ahlabal ta xquiba cut v vachinel chinamit lacabei huyub ve chipe chic ta chul vlacabeh v tinamit amac xecha ta xquicuch qui naoh conohel ahauab ta xel qui vaban queheri caquehoh quehe pu caca chinamit quehe naipuch ca tzalam ca coxtun chuxic are chic coyoual cachihilal ta qhuxoc xeqha conohel ahauab ta xeelic vvaban huhun chi chinamit culelaai rech ahlabal. ta xepixabax cut ta xebe puch vaban lacabei vhuyubal amac chibec rumal ca huyubal chic mi xibih ivib vve qo chic ah labal chul chic ivvq ta camizai ive anim chul ibÿh chibe nu ca camizah xqha cut quicab chiquech, ta xepixabaxic conohel vach ruq εalel atzih vinac ta xbeiheic ri vchi qha, vchi cam chuqhaxic ta xpaxin rib vmam vcahau ri ronohel queche vinac qo pa huhun chi huyub xa qhahal huyub xa pu qhahal qha caam qhahal labal puch ta xbec mana hunta zaquir vi manai puch hun ta vcabauil, xa catei rih tinamit. ta xeelic ronohel ah vvila ah chulimal zaquiya, xahbaquieh, chi temah, vahxalahuh ruq chic ah cabracan cabicac chihunahpu ruq ah maca, ahxayabah, ah zac cabaha, ah ziyaha ah miquina ah xelahuh tacahal huyub ri xelic varai labal chahal vleu ta xbec rumal qui cab cauizimah ahpop ahpop camha εalel ah tzic vinac e cahib chi ahauab xetaconic xevaran puch ah labal quicab cavizimah vbi ahau chuvach caviquib e caib que ema vbi ahau chuvach nihaib, achac iboy cut vbi ahau chuvach ahau quiche are cut qui bi ahau ri xetacouic xezamahelan puch ta xebec cal qui qahol pahuyub pa huhun chi huyub xbena cu nabe xulna canab xulna pu teleche chuvach quicab cauizimah εalel ah tzic vina xquiban chivi labal ri vchi qha vchi caam, xecanab chic xe telecheen chic e achih xevx chic ri e vaban xe yaic xequiar cut qui chi cut qui quxlal cumal ahauab ta chul qui ya qui canab qui tele che ronohel cate cut ta xcuch naoh cumal ahauab ahpop ahpopcamha εalel ah tzic vinac ta xel cu naoh xa cachapa qui nabe chiqohe ta que calem vachinel chinamit choc vi in ahpop in ahpopcamha ahpop chire caleh ve choc chicu aue at ahau εalel εalel ri calem xchuxic xeqha cut ronohel ahauab ta xcam qui naoh xavi cu quehe xubano tamub, i locab hunam vach oxchob chi quiche ta xban chaponic xquicobizah vnabe cal qui qahol quehe cut vcamic naoh macu chiri xchap vi quiche qo vbi huyub xchap vi vnabe al qahol. ta xe tac cut runohel qo pa huhun chi huyub xa hun xecuch vi.",2340
84,"Xebalax, xecamac vbi huyub xechap vi ta xoc qui calem chiri chulimal xban vi",76
85,"Va cute qui cobic qui chapic quetaxic puch huvinac εalel hu vinac ahpop xchapic rumal ahpop ahpop camha rumal puch εalel ah tzic vinac xoc queεalem ronohel εalel ahpop hulahuh nim chocoh εalel ahau εalel zaquic, v εalel achih, rahpop achih, rah tzalam achih, vtzam achih, quibi a chihab xoquic ta xecobic xebinaah puch chuvi qui tem chuvi qui chacat e vnabe ral vqahol que che vinac ilol rech taol rech v chi qha, vchi caam quehoh tzapib tzalam coxtum chirih quiche. xaui cu quehe xubano tamub ilocab xuqhapo xucobizah puch vnabe ral vqahol qopa huhun chi huyub. are cut, vxenahic εalel ahpop re εalem pa huhun chi huyub vacamic. quehe relic ri ta xeelic chirih ah pop ahpop camha chirih puch calel ahtzic vinac xel vi",718
86,"Are cut xchicabÿh chic vbi ro choch cabauil xavi xere xubinaah rochoch ri vbi cabauil nimac tzac tohil vbi tzac rochoch tohil rech cauiquib avlix cut vbi tzac rochoch aulix rech nihaibab. hacavitz chi cut vbi tzac rochoch vcabauil ahau quiche. tzutuha quilna cahbaha vbi chic. nimac tzac xqohe ri abah xquihiloxic rumal ahauab quiche quihilox puch rumal ronohel amac choc na vcatoh amac nabe chuvach ri tohil cate cut ta chuquihila chic ahpop ahpop camha cate chul quiya qui cuc qui patan chuvach ahau. are ahau chic are chipuch qui tzucun qui coon ahpop ahpop camha xcazan qui tinamit enima ahauab e naual tac vinac na ual ahau ri cucumatz cotuha, naual ahau curi quicab, cauizimah quetaam vve labal chibanic calah chiquivach ronohel chiquilo vve camic vve vaih, vve qhaoh chibanic xax quetaam vi qo cut ibal re qo vuh popol vuh vbi cumal mana xa quehe e ahauab nim qui qoheic nim naipuch qui mevahic are locbal tzac locbal pu ahauarem cumal nahtic chic xemevahic xe cahbic chuvach qui cabavil. va cute qui mevahibal, beleh vinac que mevahic hubeleh cut que cahbic quecatonic. oxlahu vinac chic quimevahibal oxlahuchicut quecahbic quecatonic chuvach tohil chuvach pu qui cabauil xa tulul, xa ahache, xa quinom, chiquiloo are mahabi va chiquiveeh vve cut vclahuh vinac quecahbic vve lahuh cut quemeuahic maui quevaic quitzih vi chi nima auazinic chiquibano are retal qui qoheic e ahauab ruq cut mahabi ixoc chivar cut xa quituquel chiqui chahih quib quemevahic xa pa rochoch cabauil queqohe vi huta quih, xa quihilonic, xa catonic xa pu cahbic chiquibano xavi chiri e qovi xquec zaquiric xa choc qui qux, xapu choc qui pam ta quetzononic chirech vzac vqazlem cal qui qahol chire naipuch cahauarem. chiquipacaba quivach chicah va cute qui tzonobal chuvach qui cabauil ta quetzononic are cut roqueh qui qux va",1807
87,"Acarroc atoob vquih, at huracan, at vquxcah vleu, at yaol rech εanal raxal at pu yaol mial qahol chatziloh, chamaquih vloc araxal a εanal chayatah v qazeic vinaquiric val nu qahol chipoctah, chivinaquirtah tzucul ave, cool ave; ziqui ave pabe, pahoc, pabe ya, pazivan xeche: xecaam chayaa quimial qui qahol. matahabi il tzap ian quexo mata choc qaxtoqonel chiquih chiquivach me pahic me zocotahic me hoxouic me catovic me cahic requem be rahzic be. ma ta habi pac toxcom chiquih chiquivach. que a yatah paraxa be, paraxa hoc. mata habi quil qui tzap acuil avitzmal. vtztah qui qoheic tzucul ave cool ave chachi chavach at vqux cah at vqux vleu at pizom, εaεal at puch tohil aulix hacavitz pam cah v pam vleu. cah tzuc cah xucut. xa ta zac, xata amac vpam chachi chavach at cabauil. que hecut ri ahauab ta quemevahic chupan ri beleh vinac oxla hu vinac vclahu vinac puch qui meuaih quih. choc qui qux chuvi cal qui qahol chui puch ronohel ixoc alcual ta xquiban qui patan huhun chi ahauab are locbal zac qazlem locbal puch ahauarem are rahauarem ahpop ahpop camha εalel ahtzic vinac e ca cab ta queoquic quehalou quib chire εalixic a mac ruq ronohel queche vinac xahun xel vi vxe tzih vxe puch tzucuh cooh xavi vxe tzih. xa ui quehe cubano tamub ilocab ruq rabinaleb εaεchequeleb, ahq,iquinaha, tuhalaha, vchabaha xahun cheel vi ta xiquin chiri queche ta chuban rech ronohel mana xaqui quehe xeahauaric mana xa xquicac cochih tzucul quecool quexata qui vain v caha xquibano. mapu xaloc tah xquitzubu xqueleεah cahauarem qui εaεal qui tepeval manai pu xata quehe xcah vzivan vtinamit chuti amac, nima amac nim rahil xquiyao xul xit xul puac xul puch cahcab racan tuic racan chi cual chi yamanic xul puch raxon cubul chactic vpatan ronohel amac xul chiquivach naual ahauab cucumatz cotuh chuvach puch quicab cavizimah ri ahpop ahpop camha εalel ahzic vinac maui xa chutin xquibano manai pu xata zcaquin chi amac xquicazah quia chob chi amac xul vptan quiche caxcol cut xcam vi xyaquex vi cumal maui atan xvinaquiric qui εaεal. ca cucumatz vxe nimal chi ahauarem quehe cut vticaric vnimaric ri vnimaric puch quiche are chicut xchicacholo vleel ahavab ruq quibi conohel ahauab xchicabÿh chic.",2187
88,"Vae cute vleel, vtazel ahauarem chi ronohel qui zaquirihem balam quitze, balam acab mahucutah iqui balam. nabe ca mam nabe ca cahau. ta xvachin quih xvachin ic, qhumil. vae cute vleel vtazel ahauarem xchica tiquiba vloc qui chuxe culucuh chi roquic ahauab ta choquic ta chi camiheic hutac le chi ahauab ri mama ruq rahaual chi tinamit ronohel chi huhun chi ahauab vae cute xchivachin vvach chuhuhunal ahauab va. cate xchivachin vvach huhun chuhuhunal ahauab quiche",464
89,Balam quitze vxe nabal cavi quib Cocauib vcale chic balam quitze Balam conache xtiquiban ah popol roxle curi Cotuha ztayub vcahle Cucumatz cotuha vxe naval ahau role xqohe vi Tepepul ztayul chic vvac taz. Quicab cauizimah vvc hal aha uarem naval chivi Tepepul xtayub v vahxac le Tecum tepepul vbeleh le Vahxaqui caam quicab cut vla hule ahauab Vucub noh cauatepech chic vhulahu taz ahauab Oxib quieh beleheb tzi vcablahu le ahauab. are cut que aha uaric ta xul Donadiu xe hitzaxic rumal castillan vinac Tecum tepepul xepatanihic chuuach castillan vinac are xe qaholan εanoc roxlahu le a hauab Don Juº de Rojas Don Juº cortes cablahu le ahauab e qaholaxel rumal tecum tepepul Are cut vleel vtazel ahauarem ri ahau ahpop ahpop camba chuvach caviquib quiche are chi xchicabÿh chic re chinamit. Va chi cute nim ha rech huhun chi ahauab chirih ahpop ahpopcamha are vbinaam ri beleheb chinamit chicauiquib beleheb vnimha va tac vbi e rahaual huhun chi nimha. Ahau ahpop hun vnimha cuha vbi nimha Ahau ahpop camha tziquinaha vbi vnimha Nim chocoh cavec hun vnimha Ahau ah tohil hun vnimha. Ahau ah cucumatz hun vnimha Popol vinac chitui hun vnimha Lolmet queh nai hun vnimha Popol vinac pahom tzalatz xcuxeba hun vnimha. Tepeu iaqui hun vnimha,1236
90,Are curi beleheb chinamit chicaviquib tzatz ral vqahol ahilatal chirih beleheb chi nimha,88
91,Va cute rech nihaibab beleheb chivi chi nimha are nabe xchicabÿh vleabal rib ahauarem xa hun vxe xchticar chuvach vxe quih vxe zac chivinac Balam acab nabe mamaxel ca,166
92,hauixel. Coacul coacutac vcale Cochahuh cotzibaha roxle Beleheb quih vcah le chic Cotuha ro le ahau Batza chicut v vacle chic Ztayul chicut v vcle ahau Cotuha chivi v vahxac taz aha,181
93,uarem. Beleheb quih vbeleh taz Quema chuqhax chic vlahu le Ahau cotuha vhulahu le. Don christoual chuchaxic xa,110
94,hauaric chuvach caxtilan vi,27
95,nac D. Pedro de robles ahau εalel,33
96,vacamic.,8
97,Are curi chi ronobel ahavab elenac chirih ri ahau εalel are chic xchicabÿh rahaual huhun chinim ha. 1 Ahau εalel vnabe ahau chuva,129
98,ch nihaibab hun vnim ha. 2 Ahau ah tzic vinac hun vnim ha 3 Ahau εalel camha hun vnim ha 4 Nima camha hun vnim ha 5 Vchuch camha hun vnim ha 6 Nima camha hun vnim ha. 7 Nim chocoh nihaib hun vnim ha 8 Ahau auilix hun vnim ha. 9 Yacolatam hun vnim ha.,250
99,Are cut nim ha ri chuvach nihaibab are vbinaam vi beleheb chinamit chi nihaibab chuqhaxic. quiia tac cut vchinamital huhun chique ahauab are vnabe ri mi xcabÿ quibi.,165
100,Are chicut rech ahau qui che va vmam vcahau Mahucutah nabe vinac Coahau vbi vcale ahau Caεlacan Cocozom Comahcun Vucubah Cocamel Coyabacoh Vinac bam,148
101,Are cut ahauab ri chuvach ahau quiche are vleel vtazel puch arecut vbi ahauab va chupan nimha xacahib vnim ha. Ah tzic vinac ahau vbi nabe ahau,143
102,hun vnim ha Lolmet ahau ucab ahau hun,37
103,vnimha Nim chocoh ahau rox ahau hun,35
104,unim ha. Hacavitz cut vcah ahau hun,35
105,vnim ha chi cahibcut nimha,26
106,chuvach ahau quiche,19
107,"Are curi e oxib chinim chocoh queheri e cahauixel rumal ronohel ahavab quiche xahun chiquicuch vi quib e oxib chic chocohib. e alanel, e vchuch tzih e vcahau tzih nim zcaquin vqoheic e oxib chichocohib",201
108,"Nim chocoh cut chuvach nihaib vcab curi. nim chocoh ahau chuvach ahau quiche rox nim chocoh chi oxib cut ri chocohib huhun chivach chinamit. xere cut v qoheic quiche ri rumal mahabi chi ilbal re, qonabe oher cumal ahauab zachinac chic. xere curi mi xutzinic chi conohel quiche Sta. Cruz vbi.",291
